7 1.7846857142857147 0.7701142857142858 0
6 1.5403976760319111 0.7689761533125217 0
6 1.2201333333333333 0.7661333333333334 0
6 0.8787333333333333 0.7712666666666667 0
6 1.173 0.7644 0
7 1.2731428571428574 0.7635428571428572 0
9 1.4419 0.7625 0
5 1.0668037877211238 0.7515506555671176 0
5 1.8904 0.7488 0
8 0.9789023673257023 0.7490691597294485 0
7 1.117657142857143 0.7503428571428572 0
6 1.3232666666666668 0.7485333333333334 0
6 0.8926000000000001 0.7469333333333334 0
7 1.7359428571428572 0.744 0
7 1.3795428571428574 0.7432571428571428 0
6 1.682 0.7409333333333334 0
9 1.8392 0.7362666666666666 0
7 0.8473142857142857 0.7334857142857143 0
8 1.6232982570239334 0.7332321149843912 0
7 1.5008000000000001 0.7313142857142857 0
7 1.2400571428571427 0.7296 0
5 1.7822400000000003 0.72464 0
6 1.1954 0.7248 0
6 1.554997676031911 0.7211094866458551 0
5 1.4156799999999998 0.7165600000000001 0
8 0.93055 0.71315 0
6 1.292733333333333 0.7145333333333335 0
5 1.4532 0.7128 0
8 1.9196000000000002 0.7132000000000001 0
6 1.8808 0.7117333333333333 0
5 0.77512 0.70616 0
5 1.7076799999999999 0.708 0
8 1.0249023673257023 0.7100191597294485 0
6 1.3417333333333332 0.7036 0
6 1.6659333333333337 0.6964 0
6 1.1213333333333333 0.6991333333333334 0
6 1.8035333333333337 0.6889333333333334 0
5 1.48056 0.68952 0
6 1.5238803676725634 0.6868530870620881 0
8 0.83095 0.685 0
7 1.7505142857142855 0.6883428571428571 0
6 1.2136 0.6836 0
4 0.2493363374528697 0.6909424975562073 0
6 1.1665333333333332 0.685 0
7 1.8533142857142857 0.6842285714285714 0
6 1.6205333333333332 0.6796666666666666 0
6 1.2601333333333333 0.6776 0
5 1.0844799999999999 0.67872 0
6 0.9722602497398544 0.6769494450225461 0
8 1.94545 0.6753 0
6 1.3112 0.6683333333333334 0
6 1.5718137010058968 0.6742530870620882 0
5 0.8832799999999998 0.66512 0
6 1.7019333333333335 0.6646 0
6 0.7398 0.6677333333333334 0
9 1.9041777777777777 0.6651111111111112 0
9 1.429931067175396 0.6635669904035149 0
7 0.7782857142857142 0.6632 0
7 0.9355373569198753 0.6575566671621822 0
7 1.3641399435112234 0.6550432733759477 0
5 1.7784 0.6532 0
7 0.9954230712055894 0.6525852385907537 0
5 1.4979388137356922 0.6485799375650364 0
7 1.1294285714285714 0.6478857142857144 0
6 1.6571333333333336 0.6469333333333334 0
7 1.8173714285714286 0.6404571428571428 0
7 0.8102285714285713 0.6416000000000001 0
6 1.8656 0.6394 0
7 0.8585142857142858 0.6418857142857143 0
7 1.1878285714285712 0.6361714285714286 0
6 1.7410666666666663 0.6348666666666667 0
6 1.611 0.6328 0
8 1.9426286420395424 0.6304801899063476 0
5 1.3260113631633714 0.6282837252861603 0
5 1.0818400000000001 0.62616 0
5 0.9007200000000001 0.62768 0
8 1.2757671175858483 0.6209242715920916 0
6 1.4556319112036076 0.6179140131807146 0
8 0.76615 0.61715 0
5 1.22464 0.61208 0
5 1.15056 0.6070399999999999 0
5 0.67952 0.61336 0
8 1.78685 0.6060000000000001 0
6 1.0273935830731875 0.605749445022546 0
7 1.8952898766166197 0.6128345027501114 0
7 1.8386857142857145 0.6033714285714287 0
8 1.6948 0.60465 0
9 1.5514358422939067 0.6049193548387096 0
6 1.4196299340964273 0.6021504856052723 0
5 1.1122400000000001 0.6028 0
7 0.8214285714285714 0.5986857142857144 0
6 0.7165333333333334 0.5950666666666666 0
6 0.9261935830731876 0.5938161116892127 0
9 1.3602129494739277 0.5875441207075963 0
7 0.8770285714285715 0.5844 0
5 1.6162457023933403 0.582274901144641 0
7 1.1890285714285713 0.5793714285714286 0
8 1.06965 0.575 0
6 1.2428403052375998 0.5732247311827956 0
5 1.8672 0.57088 0
6 1.6412047519944504 0.5703624176205342 0
5 1.5124823725286163 0.5679562330905308 0
4 1.7248999999999999 0.5718 0
8 1.461451482830385 0.5643226456815817 0
8 1.7645 0.56155 0
7 0.7556 0.5618285714285713 0
7 1.132342857142857 0.5614857142857144 0
6 1.9587048560527225 0.5581069198751301 0
5 1.41008 0.56064 0
5 1.0128 0.5576000000000001 0
8 1.8187000000000002 0.5584 0
5 0.9110400000000001 0.5533600000000001 0
7 0.8301142857142857 0.5544571428571429 0
5 0.6719999999999999 0.55248 0
6 1.7175333333333334 0.5546666666666666 0
9 0.9675122210660193 0.5471320846340617 0
5 0.7144 0.5448000000000001 0
9 1.9100254595907042 0.5431379465834201 0
7 1.5469755017095288 0.5396820722461722 0
5 1.16912 0.53584 0
6 1.2132936177592788 0.5338954734651404 0
5 1.4999200000000001 0.53232 0
6 0.877 0.5313333333333334 0
8 1.6091269510926118 0.5295021592091571 0
5 1.4248 0.52856 0
5 1.05064 0.53144 0
6 1.0930666666666669 0.5247333333333334 0
7 1.3782285714285716 0.5243428571428572 0
6 1.7884 0.5278 0
7 0.7922285714285714 0.5206285714285713 0
6 1.0099414151925077 0.5179486819285467 0
7 1.9536571428571428 0.5179428571428571 0
8 1.6778948680351906 0.5190359178412638 0
6 0.9233070412764481 0.5143679153659383 0
8 1.7388000000000001 0.5151 0
6 0.7448666666666666 0.5122666666666666 0
6 1.463 0.5100666666666667 0
6 1.2835069719042662 0.512358064516129 0
7 0.8314857142857143 0.5108 0
6 1.1380000000000001 0.51 0
7 1.825942857142857 0.5006857142857143 0
7 1.324582874981418 0.5018822209008473 0
7 0.6941527719592235 0.5018255550900712 0
7 1.8811428571428572 0.4993714285714287 0
8 1.571176877778829 0.4965901357487466 0
6 1.241160284425945 0.49689547346514046 0
7 1.0536571428571428 0.49062857142857136 0
7 1.1874285714285713 0.4905142857142857 0
5 1.0084096982310093 0.481698418314256 0
8 1.517149926686217 0.48408797653958946 0
6 1.9254666666666664 0.48500000000000004 0
6 1.1056000000000001 0.4806 0
7 1.416 0.4808 0
5 1.3684 0.47800000000000004 0
5 1.703954369501466 0.4760089149560117 0
8 0.8828742195629553 0.47301442507804364 0
5 1.1488 0.47072 0
5 1.4606400000000002 0.46784 0
7 0.8078857142857144 0.46468571428571426 0
7 1.2810285714285714 0.4644571428571428 0
6 1.8975333333333335 0.4642666666666666 0
7 1.751585504817763 0.45811931294511943 0
8 0.7444294477028348 0.4571075757575758 0
6 1.3316000000000001 0.45173333333333343 0
7 1.85192836196062 0.45246217008797646 0
6 1.2255333333333334 0.4516 0
8 1.8006373167155427 0.44760439882697944 0
7 1.5683999162128195 0.44855768747381647 0
6 1.9374666666666667 0.44493333333333346 0
6 1.0754666666666668 0.44333333333333347 0
6 1.1785333333333332 0.4403333333333334 0
7 0.9889783558792924 0.43921315593875426 0
8 1.6299745601173021 0.43608459819316997 0
7 0.9291203210940985 0.4392296417422328 0
8 1.3864270876972489 0.4304531629660661 0
6 1.435066666666667 0.4316 0
7 1.1271972350230415 0.42845345622119824 0
8 1.697401173020528 0.4268542521994134 0
7 1.4871427733556766 0.4271862589023879 0
5 1.29864 0.4232 0
6 0.7834666666666666 0.4279333333333334 0
5 0.7058811641913412 0.42194604420899945 0
6 1.8336497556207234 0.41893919843597266 0
6 1.259 0.4172666666666666 0
7 1.759471219103477 0.41571931294511943 0
6 0.8274666666666668 0.41500000000000004 0
7 1.8889142857142853 0.4130285714285714 0
7 0.8782857142857143 0.41142857142857137 0
4 0.9551000000000001 0.4123 0
7 1.0377714285714288 0.4057142857142857 0
6 1.5884 0.4102 0
7 1.5383999162128195 0.40290054461667363 0
5 1.1639961290322582 0.3991948387096774 0
5 1.087356129032258 0.39943483870967744 0
6 1.80091642228739 0.40253919843597263 0
7 1.2091428571428573 0.39794285714285715 0
7 0.7449142857142858 0.39485714285714285 0
8 1.9537142857142853 0.3931428571428571 0
5 0.92032 0.3928 0
5 1.44928 0.39336000000000004 0
6 1.4147694502629986 0.39027088395475495 0
6 0.7945333333333334 0.3828666666666667 0
5 0.6999140478668054 0.38593392299687823 0
6 1.294066666666667 0.38380000000000003 0
6 1.4888666666666668 0.3782 0
5 0.56992 0.37376 0
6 1.255666666666667 0.3796666666666667 0
8 1.6238655425219939 0.3713224340175953 0
7 1.6819034771679935 0.3697399245915375 0
7 0.8437714285714286 0.3757142857142857 0
5 1.57064 0.37072 0
7 0.6157100341905752 0.3673242307120559 0
8 1.7747373167155427 0.36925439882697947 0
5 1.1754361290322581 0.36503483870967746 0
9 1.8393351580319321 0.36928406647116324 0
6 1.0653301075268817 0.3615290322580645 0
6 0.8922666666666668 0.3608666666666667 0
7 0.6654243199048611 0.35743851642634167 0
6 1.0175333333333332 0.35726666666666673 0
4 0.544480593132154 0.3527893600416233 0
6 1.5309333333333333 0.3531333333333333 0
5 0.7632800000000001 0.35208000000000006 0
9 0.9550666666666668 0.3479555555555556 0
8 1.3348270876972488 0.34495316296606615 0
7 0.7202285714285714 0.34394285714285716 0
7 1.4429714285714286 0.3469714285714286 0
6 1.3924361169296653 0.3449375506214215 0
6 1.7253333333333338 0.3408 0
6 1.9478000000000002 0.3398 0
6 1.2752666666666668 0.3399333333333333 0
6 1.8027529814271752 0.33798690127077224 0
8 1.21585 0.33530000000000004 0
6 1.4896 0.3303333333333333 0
5 1.1627161290322579 0.3295148387096774 0
5 1.089196129032258 0.3254348387096774 0
7 0.8061936321742774 0.329219997207094 0
9 0.5807469302809574 0.3313286044629437 0
7 1.8927025555090071 0.32273162966066193 0
6 0.8586259042033234 0.3240899967416096 0
8 1.5793858504398828 0.32402375366568914 0
7 0.6349714285714286 0.3229142857142857 0
5 0.9019200000000002 0.32 0
5 1.00152 0.31784 0
6 1.045666666666667 0.3177333333333333 0
5 0.7584000000000001 0.31616 0
5 0.6816 0.31688 0
6 1.764 0.31453333333333333 0
7 1.6788409719312944 0.31105571847507324 0
6 1.6285144672531768 0.3118983382209189 0
5 1.37216 0.30976 0
5 1.52704 0.30968000000000007 0
5 1.4557600000000002 0.30376 0
6 1.4124 0.3038666666666667 0
5 1.2539200000000001 0.30408 0
6 1.2979333333333334 0.2999333333333333 0
7 1.127036128234285 0.2995059429050212 0
5 1.7224799999999998 0.29824 0
5 1.34024 0.29608 0
5 0.9743999999999999 0.2964 0
6 1.179066666666667 0.2915333333333333 0
6 0.9324 0.2904666666666667 0
5 1.2216 0.2884 0
5 1.85746357771261 0.28814428152492666 0
7 1.9418285714285717 0.2872571428571428 0
6 0.5568006243496358 0.28215043357613595 0
5 0.6512800000000001 0.2812 0
7 0.6076687676527427 0.28630645161290325 0
6 1.888352981427175 0.2813202346041056 0
8 0.7210617845993756 0.28041925078043706 0
6 1.5461333333333331 0.2765333333333333 0
7 1.4952 0.27822857142857144 0
7 1.0757817503541005 0.2775667723981088 0
7 0.7865499574307067 0.2765562838133077 0
8 1.8077684750733138 0.2789595307917888 0
7 0.880707917888563 0.27647714006423685 0
4 0.482280593132154 0.2721893600416233 0
5 0.5144644745057232 0.27207148803329867 0
7 1.0173714285714286 0.2741714285714286 0
6 1.6423333333333336 0.2698 0
6 1.7501383186705766 0.2683591397849462 0
6 1.5934666666666668 0.2719333333333333 0
7 1.3786285714285715 0.26502857142857145 0
7 1.4368 0.2595428571428572 0
7 1.6980571428571427 0.25725714285714285 0
7 1.2622285714285715 0.2586857142857143 0
6 0.9678000000000001 0.2554666666666667 0
7 1.3231141819777765 0.2521316176910646 0
5 1.9610400000000001 0.24616 0
7 1.203764657769266 0.2441672791110579 0
7 1.146174979551938 0.2453340515091667 0
6 0.9219333333333333 0.24266666666666672 0
5 0.68144 0.24455999999999997 0
6 1.8646 0.24253333333333332 0
5 1.5205600000000001 0.24208000000000002 0
7 0.8325364893171345 0.24099142577852253 0
5 1.04856 0.23752 0
6 1.5654666666666668 0.23586666666666672 0
7 1.9162285714285716 0.23554285714285714 0
5 1.65728 0.23176000000000002 0
8 0.6313601716961499 0.23206814516129035 0
6 1.6132000000000002 0.2318 0
6 1.4796010752688173 0.23133626588465295 0
7 0.5401259105098857 0.23162073732718894 0
6 0.7820823794658341 0.22829233437391605 0
5 1.359719854768887 0.22362426476749056 0
5 0.88024 0.22736 0
7 1.0946960360683862 0.2235667723981088 0
6 1.0068666666666668 0.2234666666666667 0
6 1.2856998789740728 0.21788688730624214 0
5 1.3980000000000001 0.22391999999999998 0
7 1.744505571847507 0.21851177209886882 0
6 0.6681333333333334 0.20966666666666672 0
8 0.7237117845993757 0.21466925078043703 0
6 0.9587845691942466 0.2096611367127496 0
7 1.2466857142857144 0.2064 0
7 0.5913830533670283 0.20504930875576038 0
6 1.8082049853372433 0.2010258064516129 0
6 1.6936515151515152 0.20437126099706743 0
6 1.9582666666666664 0.2044 0
5 0.81312 0.19912000000000002 0
8 1.5274508064516128 0.19390219941348974 0
6 0.8535999999999999 0.19373333333333337 0
6 1.588666666666667 0.19306666666666666 0
7 1.2004503720549802 0.1907387076824865 0
7 0.9074724878807828 0.1893095457537854 0
7 1.0453714285714286 0.18760000000000002 0
5 0.5504 0.18592000000000003 0
7 1.6441142857142854 0.18554285714285718 0
6 0.5076666666666666 0.18493333333333334 0
8 1.141894075548108 0.18164636922217567 0
7 0.774470610970715 0.18533628660621376 0
6 1.2868332123074058 0.18162022063957547 0
6 1.7643898338220918 0.182863734115347 0
7 1.9201142857142854 0.17605714285714286 0
6 0.9913845691942467 0.17519447004608293 0
6 0.6839999999999999 0.17026666666666665 0
5 1.08888 0.17256 0
8 1.3717749092305547 0.16746516547968157 0
9 0.6394222222222223 0.16422222222222221 0
8 1.8555500000000003 0.16525 0
7 0.5853142857142857 0.16154285714285715 0
6 0.7261333333333334 0.1564 0
8 1.3183749092305546 0.1539151654796816 0
5 0.8743200000000002 0.1544 0
6 1.6919181818181817 0.15463792766373408 0
5 1.60704 0.15336 0
8 1.23465 0.15545 0
6 1.7975999999999999 0.14953333333333335 0
6 1.5641333333333332 0.14893333333333336 0
5 1.0616825750593493 0.14446107526881719 0
8 0.82295 0.14679999999999999 0
6 0.5363333333333334 0.14506666666666665 0
6 1.4869042663891778 0.13451413615867308 0
8 1.430850806451613 0.13530219941348973 0
7 0.4345801397353948 0.12722961201129773 0
5 0.76784 0.13784000000000002 0
5 1.89904 0.13464 0
5 1.09526387934646 0.13048102778941487 0
6 1.0219354792161244 0.13705089605734766 0
6 0.9718512358609133 0.1339278033794163 0
6 1.2749333333333333 0.1396 0
6 1.6460666666666666 0.13366666666666666 0
5 0.6839999999999999 0.13072 0
7 0.4813801397353948 0.13431532629701207 0
6 1.9434666666666665 0.13066666666666665 0
5 1.8276 0.12584 0
8 1.7410886363636364 0.12802844574780056 0
8 0.915138426895685 0.1258458525345622 0
6 1.3492000000000002 0.12566666666666665 0
4 1.8582 0.1244 0
7 1.1508587946615596 0.12072780736928201 0
5 0.86168 0.11888000000000001 0
6 1.2008175068658942 0.11556581483033097 0
6 1.3873333333333333 0.11006666666666665 0
7 0.5771428571428572 0.11154285714285717 0
6 1.6845333333333337 0.10833333333333335 0
7 1.5976000000000001 0.10977142857142859 0
8 1.5307273933402707 0.10633340270551508 0
6 1.2498 0.1066 0
6 0.6444666666666666 0.10273333333333332 0
5 1.0016025750593494 0.1020610752688172 0
6 1.7929333333333335 0.10273333333333334 0
7 1.3043428571428572 0.10154285714285716 0
6 0.5245434963579604 0.09796788067984738 0
9 0.7361429066944155 0.09427996300150306 0
6 0.8266666666666668 0.09440000000000001 0
5 1.64392 0.09344 0
6 0.9577333333333332 0.09013333333333333 0
6 0.6826666666666666 0.09133333333333334 0
5 1.7564 0.08168 0
7 1.3542857142857143 0.08582857142857142 0
9 1.9052444444444447 0.0784888888888889 0
8 1.843 0.0769 0
5 1.71672 0.08008 0
6 1.2188175068658942 0.07276581483033094 0
5 1.56752 0.07144 0
8 0.7833607700312175 0.06536495837669093 0
7 0.8752571428571427 0.06657142857142859 0
6 0.5973333333333335 0.06866666666666668 0
6 1.1367352604384862 0.06818244193082901 0
6 1.6118000000000001 0.0644 0
7 1.2669714285714286 0.057714285714285704 0
7 0.7068123086071056 0.054702809573361065 0
7 1.4007428571428573 0.06205714285714285 0
7 0.994 0.0516 0
8 0.6544000000000001 0.0586 0
9 1.670577777777778 0.050488888888888896 0
6 0.4320768296912938 0.05003454734651404 0
7 1.7911428571428574 0.050171428571428575 0
7 0.8229142857142857 0.047885714285714295 0
6 1.4849698577870272 0.04577787027402011 0
7 1.5312313066745948 0.05060960309201723 0
8 1.31565 0.04445 0
6 1.8667333333333336 0.0458 0
7 0.9356 0.04782857142857143 0
6 1.0406688125494576 0.03785089605734766 0
6 1.7454666666666665 0.03866666666666667 0
7 1.3596666666666668 0.034866666666666664 0
8 0.7876694514642486 0.029445666716218205 0
4 0.7615000000000001 0.7401 0
5 1.15344 0.726 0
6 0.7254666666666666 0.7228666666666667 0
5 1.0788 0.71728 0
5 0.9681600000000001 0.70712 0
4 0.8678000000000001 0.7055 0
5 1.38456 0.6974400000000001 0
5 0.8013600000000001 0.6916800000000001 0
4 0.7041999999999999 0.6714 0
5 1.2304 0.6471199999999999 0
5 0.6916800000000001 0.6361600000000001 0
6 1.9135048560527228 0.6328402532084634 0
5 0.7329600000000001 0.63064 0
5 1.64552 0.6104 0
6 1.7354666666666663 0.5919333333333334 0
4 0.7861 0.5871000000000001 0
5 1.9720458272632673 0.5867683038501561 0
4 1.8029 0.5818000000000001 0
6 1.3276228234477974 0.5414990287894554 0
6 1.8650666666666667 0.5331333333333335 0
5 0.658533880742913 0.5153557771260997 0
4 1.9147000000000003 0.5123 0
5 1.7796800000000002 0.48832 0
4 0.775 0.48650000000000004 0
4 1.5999467741935485 0.467860691987513 0
5 0.5788867644183774 0.4268636559139784 0
5 1.0325600000000001 0.45128 0
6 1.332902783596332 0.40213755062142154 0
5 1.7252800000000001 0.38448000000000004 0
9 0.4747024858365128 0.33075082668516587 0
5 0.46376000000000006 0.23824 0
6 0.4937333333333334 0.2364 0
4 1.4414016129032257 0.22190439882697946 0
5 1.88152 0.20784000000000002 0
5 1.8436799999999998 0.20984000000000003 0
5 0.6230399999999999 0.19624000000000003 0
4 1.2587 0.1718 0
5 1.1824 0.1532 0
5 0.61632 0.13240000000000002 0
5 0.7868 0.10848 0
6 1.463303191120361 0.10164453694068679 0
5 0.43721219562955255 0.09612145681581685 0
5 1.42384 0.09872 0
5 0.9168000000000001 0.07544 0
5 0.55632 0.07016 0
6 0.8960000000000001 0.03693333333333334 0
5 1.4256 0.03248 0
7 0.7989142857142857 0.75 0
5 1.5899972112382934 0.7081313839750261 0
9 0.26423837220127544 0.6151299989138699 0
4 0.9978903746097816 0.5850241675338189 0
5 0.7968 0.56096 0
4 0.8524 0.4396 0
5 0.9910399999999999 0.39264 0
5 1.90808 0.3684 0
5 1.8150459824046918 0.23811096774193546 0
5 0.46784 0.19064 0
4 1.5284 0.1457 0
7 1.447174163817452 0.06660960309201723 0
8 1.1247806451612903 0.3612741935483871 0
4 1.526599413489736 0.4431038123167155 0
5 1.7797099120234603 0.2427148387096773 0
5 1.8380378885630495 0.31632140762463334 0
4 1.6515868035190615 0.3401900293255131 0
4 1.79939853372434 0.4212351906158357 0
5 1.724629090909091 0.17718756598240462 0
6 1.4757397849462364 0.19388426197458447 0
5 1.6575748973607034 0.3966674486803518 0
5 1.66924926686217 0.46961312837006897 0
4 1.1712526043848626 0.21787095377740529 0
6 1.325799273844435 0.2020546571707861 0
4 1.1116722524787042 0.2624674067867615 0
5 1.105429096494903 0.10792083787180555 0
9 1.0600024887895856 0.08951646107775134 0
5 0.9472674151654796 0.1674868202764976 0
5 1.1783450411953635 0.0845148889819857 0
5 1.3720567015779919 0.38466530372852936 0
6 1.4937524800554978 0.07040055497745398 0
6 1.5014922303156437 0.6031009191814083 0
4 1.53498220603538 0.6513185223725286 0
4 1.5800285119667012 0.564474505723205 0
6 1.6299490713587488 0.487583530413395 0
6 1.5807860561914673 0.7569235865417967 0
5 1.401299604578564 0.6257029136316337 0
7 1.93788627917348 0.5908700906793518 0
5 1.2544977315296566 0.5333679500520291 0
5 1.3148728407908428 0.5909337356919875 0
5 1.027858938605619 0.7555932778355878 0
8 0.968461498439126 0.6184966701352758 0
6 0.6639484732864545 0.4126660959228077 0
6 1.2943832119320153 0.5477741241762053 0
7 0.9652761706555669 0.48942286308904404 0
4 0.9278058792924038 0.47803842351716963 0
7 0.6491489393714158 0.47273688257632057 0
5 0.6876763939078611 0.4550181849714627 0
5 0.8336754252199412 0.28877998044965775 0
4 0.7549942767950052 0.24785400624349627 0
5 0.4764609781477628 0.08484728407908423 0
5 0.7455716961498439 0.0308504890738813 0
5 0.5836013735691987 0.24870516129032247 0
6 0.7488502601456816 0.03602533818938597 0
5 0.527042372528616 0.3081974401664932 0
