6 1.7833165491775766 0.7671198388721048 0
7 1.1784155756965424 0.7695535414568648 0
6 1.5414568647197044 0.7682108089963073 0
8 1.4390015825061142 0.7588116817724069 0
7 1.2710401381096246 0.762696014961876 0
6 1.2193689157435383 0.7625881168177241 0
4 1.072759315206445 0.7481117824773414 0
6 0.9856495468277945 0.7473984558576705 0
5 1.887814702920443 0.744612286002014 0
6 1.114132259147365 0.7519301779120511 0
6 1.321836186639812 0.7473984558576705 0
7 1.7339231765213636 0.7432743490145303 0
6 0.09399127223900638 0.7395938234306815 0
7 1.377632878350018 0.7425254084233297 0
6 1.6816045652903662 0.7390902987579725 0
8 1.8337739174219536 0.7348942598187311 0
5 0.1401208594219022 0.7307495391916015 0
6 1.6279791876468614 0.7317052702249076 0
7 1.498777154366278 0.729894979139692 0
7 1.241979571284707 0.7279528125449576 0
5 1.7789526686807655 0.7238670694864048 0
5 1.2005035246727087 0.7228600201409868 0
5 1.5531722054380663 0.7182275931520645 0
5 1.41378169937784 0.7165748467171331 0
6 1.2910372608257803 0.7136623027861699 0
5 1.4508559919436053 0.7124874118831823 0
6 0.9243034575360859 0.7089627391742195 0
6 1.9187646861362875 0.7103893924135617 0
5 1.8789526686807654 0.7080563947633435 0
5 0.7721047331319235 0.7038267875125881 0
5 1.7056394763343405 0.7061430010070494 0
6 1.0291205102383352 0.7056898288016112 0
6 1.3389436282999292 0.702466282972569 0
6 0.11982854988410001 0.6972679936767258 0
6 0.07133266196710306 0.6908358509566969 0
5 1.1181268882175226 0.6949647532729104 0
6 1.6642329640819067 0.6941087613293051 0
6 1.8002685464921115 0.6879825444780129 0
5 1.5205438066465258 0.6896273917421953 0
5 1.4775427995971804 0.6883182275931521 0
7 1.7486692562221264 0.6869515177672276 0
6 0.8302282645182949 0.679170862705606 0
6 1.2156750015082536 0.682990308644241 0
6 1.8486069150721718 0.67959046659953 0
6 1.1727075627704222 0.6763605671202397 0
5 1.6212487411883185 0.675730110775428 0
6 1.2592298856975788 0.6769480125717335 0
5 1.084994964753273 0.6777442094662638 0
5 0.9702920443101712 0.6723061430010071 0
5 1.9406847935548839 0.6733131923464251 0
5 1.5695871097683785 0.6664652567975831 0
6 1.3088284659281637 0.6669184290030212 0
5 0.7415911379657603 0.6731117824773414 0
6 1.7012420275260154 0.6620510238335012 0
5 0.8802618328298086 0.6641490433031219 0
7 1.8975686951517765 0.6632858581499065 0
8 1.4296860696640203 0.664878413135771 0
5 0.7792547834843907 0.6628398791540786 0
5 0.044410876132930516 0.6568982880161127 0
6 0.9300100704934542 0.6526518966096004 0
6 1.3584971697567938 0.6562259338621291 0
5 0.9938569989929507 0.6524672708962739 0
7 0.09323987705668689 0.6489101085056646 0
5 1.489828801611279 0.6493454179254783 0
7 1.1283987915407854 0.6462379513739032 0
6 1.6551695199731455 0.6409029875797249 0
5 0.8098690835850958 0.6407854984894259 0
6 0.8555723397113125 0.6364551863041289 0
6 1.815038603558241 0.6419939577039275 0
5 1.8575025176233635 0.637865055387714 0
7 1.1864467931213027 0.6351972750542927 0
6 1.6096005370929845 0.6275595837529373 0
7 1.9421665947345705 0.6251618472162278 0
7 1.748381527837721 0.6294777729823047 0
4 1.3246475327291036 0.630790533736153 0
5 0.05276938569989929 0.6246727089627392 0
5 1.0803625377643504 0.6239677744209466 0
5 0.8971802618328297 0.625679758308157 0
7 1.2710389381364084 0.6228249545248723 0
7 0.9634584951805497 0.621061717738455 0
6 1.4623195703256129 0.6195871097683787 0
6 0.7665323934206111 0.6175730110775428 0
6 0.13765993711320673 0.6143359106540084 0
5 1.2231604549821098 0.6117333854788294 0
7 0.6882462954970509 0.6068191627104014 0
6 1.7871769050016784 0.6070829137294393 0
5 1.1481369587109769 0.6056394763343403 0
5 1.0278952668680765 0.6068479355488419 0
7 1.891454466983168 0.605668249172781 0
6 1.6976334340382677 0.6033064786841221 0
6 1.8376132930513596 0.6032225579053374 0
9 1.5419044422065569 0.6057961284547387 0
5 1.1106747230614302 0.6023162134944613 0
5 0.8234642497482376 0.6036253776435045 0
6 1.4206948640483383 0.5935716683450823 0
5 0.9231621349446124 0.5879154078549849 0
5 0.7115810674723062 0.5835850956696877 0
7 0.0895554596460941 0.5891238670694864 0
7 1.3597571479620012 0.5843743977909404 0
5 1.9352467270896274 0.5861027190332326 0
7 0.8744065602071643 0.5841605524384981 0
4 1.6066213494461228 0.5825780463242699 0
6 0.1543601720913874 0.5909220133730416 0
7 1.187598906632139 0.5789814415192059 0
7 1.0731549417350021 0.5745216515609265 0
4 0.13104229607250756 0.5765357502517624 0
6 1.2407961617371033 0.5732906219812954 0
5 1.8629405840886204 0.581067472306143 0
7 1.646957272334916 0.5749532441375342 0
4 1.5114551863041288 0.5647029204431017 0
7 1.4568407423392318 0.5613580779743922 0
5 1.9541792547834844 0.5586102719033234 0
5 1.4078549848942599 0.5609264853977844 0
7 1.1307725507121278 0.5615019421665947 0
5 0.7477341389728097 0.5586102719033234 0
6 1.761581067472306 0.5611782477341389 0
6 1.812101376300772 0.5594159113796576 0
5 1.0192346424974823 0.5570996978851964 0
7 1.2938908742790292 0.554618323235417 0
5 0.9093655589123866 0.55337361530715 0
5 0.6680205400940222 0.5480907086935739 0
5 1.7071500503524675 0.5521651560926485 0
5 0.8327291037260827 0.5501510574018126 0
7 0.9613005322975111 0.5484103006761617 0
5 0.7133937562940583 0.5450151057401813 0
7 1.9099410156811967 0.5458926773126168 0
7 0.05251043015393468 0.5411451589699324 0
6 1.541708627056059 0.5379321920107419 0
5 1.1685800604229608 0.5363544813695872 0
6 1.2119274138351224 0.5345192221827053 0
5 0.10201409869083584 0.5377643504531722 0
5 1.6080563947633433 0.5363544813695872 0
5 1.4974823766364551 0.5323262839879155 0
6 0.8745384357166834 0.5312185297079557 0
5 1.4220543806646524 0.5282980866062437 0
6 1.0922289358845252 0.5250083920778784 0
4 1.7837361530715004 0.5279456193353474 0
7 1.3762295979691948 0.5243830296424725 0
5 0.7904330312185297 0.5203423967774421 0
6 1.9485565626049008 0.5247566297415239 0
6 1.008224236320913 0.517455521987244 0
6 1.676317556226922 0.5182108089963073 0
5 0.9207452165156091 0.5185297079556899 0
5 0.7411883182275931 0.5152064451158107 0
6 1.7342228935884527 0.5130077207116481 0
5 0.8359516616314199 0.5094662638469285 0
5 1.276266572332258 0.5102045369112906 0
6 1.4638301443437398 0.5086438402148372 0
6 1.1360355824102049 0.5099026518966097 0
5 1.823262839879154 0.49848942598187307 0
7 1.321992797508829 0.5020121477549743 0
6 0.6970656809649112 0.49965214257096136 0
5 0.12255790533736152 0.5031218529707956 0
5 1.877240684793555 0.4933534743202417 0
4 1.5629405840886204 0.4986153071500503 0
6 1.2401247955068244 0.4961674262780392 0
6 0.9664316884860693 0.49085263511245375 0
7 0.04070157771064116 0.48900637797918767 0
7 1.0530858869227449 0.49007337073802326 0
7 1.1860164005179112 0.48992950654582074 0
7 1.51460221550856 0.485613580779744 0
6 1.1043135280295402 0.4805303793219201 0
5 1.9238670694864048 0.481067472306143 0
7 1.4140411451589698 0.4799309451877428 0
5 1.3660624370594159 0.47774420946626384 0
5 1.0079556898288016 0.47764350453172205 0
5 1.7048338368580063 0.4764350453172206 0
9 0.8816717019133937 0.4775092312856663 0
4 1.6713242698892246 0.4681520644511581 0
5 1.1474320241691844 0.47059415911379665 0
5 1.4608257804632427 0.46555891238670694 0
7 0.8086606243705943 0.4600057545676881 0
7 1.2803193785066898 0.4643936124298662 0
5 0.07925478348439073 0.46696878147029197 0
5 1.892749244712991 0.4593152064451158 0
5 1.7419939577039276 0.4576032225579053 0
8 0.7441333516644159 0.45948603937238086 0
7 0.13795967246215762 0.45592827872792235 0
6 1.8520476670023498 0.4547667002349782 0
6 1.33257804632427 0.45224907687143345 0
6 1.2239845585767033 0.45115810674723067 0
5 1.9393756294058409 0.44914400805639476 0
6 1.798086606243706 0.44519973145350794 0
6 1.566884860691507 0.43991272239006385 0
6 1.0766196710305473 0.4425981873111782 0
6 1.1779959718026185 0.4400805639476334 0
6 0.9877475662974152 0.4420107418596844 0
6 1.6221886539107087 0.4363880496811011 0
7 1.3813046143761614 0.43332642218673934 0
6 0.9266532393420611 0.4355488418932528 0
6 0.04262820964458232 0.4361189779370268 0
6 1.433534743202417 0.4300939912722391 0
7 1.1266004891382537 0.4282117680909222 0
7 1.6994677024888503 0.4287872248597324 0
6 1.4822087948976168 0.4246391406512252 0
5 0.7819738167170192 0.42235649546827797 0
5 0.7046113485643745 0.42148179189812557 0
5 1.8331319234642496 0.4174219536757301 0
5 0.08266597308094237 0.4154187987888407 0
6 1.7532729103726084 0.4153239342061094 0
6 1.2575528700906344 0.416498825109097 0
5 0.8229607250755289 0.41148036253776443 0
7 0.6560375956249376 0.4127359323029475 0
7 1.8867788807365844 0.42073083009638895 0
6 0.8782309499832157 0.4086102719033232 0
4 0.948766364551863 0.40521148036253773 0
5 1.5846928499496475 0.4046324269889225 0
6 1.0420443101711983 0.40558912386706947 0
6 1.5375125881168177 0.3981201745552199 0
5 1.1629405840886204 0.3987915407854985 0
6 1.0819066800939914 0.40298757972473986 0
5 1.7973816717019133 0.400503524672709 0
6 0.1198211211197275 0.4010381348394213 0
7 1.20730830096389 0.39670550999856136 0
6 1.9540953340046994 0.3948472641826116 0
5 0.918429003021148 0.3920443101711984 0
7 0.7438498057833405 0.3939720903467127 0
5 1.447532729103726 0.39133937562940585 0
6 1.4101961018007214 0.3884780061463621 0
6 0.7922121517287681 0.3828465928163813 0
5 0.6983887210473314 0.3848942598187311 0
6 1.4881671701913395 0.3783987915407855 0
6 1.2932192010741859 0.38410540449815367 0
5 0.5676737160120846 0.36878147029204433 0
6 1.6169016448472644 0.37059415911379656 0
6 0.8416414904330312 0.37025847599865724 0
5 1.6856998992950654 0.36827794561933536 0
5 1.5685800604229607 0.3700906344410876 0
6 0.6162302786169856 0.3696710305471635 0
5 1.1727089627391742 0.365055387713998 0
6 1.767959046659953 0.36723732796240344 0
7 1.836642209753992 0.36260969644655444 0
8 1.1230488418932527 0.3626636455186304 0
6 0.8915743538100033 0.3592648539778449 0
6 1.0661295736824437 0.3588452500839208 0
7 1.0273341965184866 0.35261113508847647 0
4 0.536127895266868 0.3502014098690836 0
6 0.668429003021148 0.356327626720376 0
5 0.7612286002014098 0.35156092648539783 0
6 1.5308828465928161 0.3512084592145015 0
7 0.9466983167889513 0.3458495180549561 0
6 1.3882088577590965 0.34525880507217604 0
8 1.3320680229769255 0.3449838822532761 0
7 1.4405840886203423 0.3463530427276651 0
7 0.7190332326283988 0.3426845058264998 0
6 1.2729942933870428 0.33962739174219536 0
6 1.7233131923464249 0.3389560255119168 0
5 1.9486404833836857 0.3351460221550856 0
6 0.055381050962378296 0.33893747645331307 0
6 1.4893420610943269 0.33098355152735814 0
8 1.213557401812689 0.33434038267875127 0
5 1.160825780463243 0.32950654582074523 0
5 1.087311178247734 0.32386706948640487 0
6 0.8016112789526687 0.33115139308492786 0
6 1.8878818395434709 0.31822759315206445 0
9 0.5844802506433926 0.319402484055052 0
7 1.5725075528700905 0.3227593152064451 0
5 0.8609264853977845 0.3254783484390735 0
5 1.8310171198388723 0.316515609264854 0
6 0.6359516616314199 0.3204095334004699 0
6 0.4822927156764014 0.3132762672037597 0
5 0.9006042296072507 0.31812688821752266 0
5 0.7561933534743203 0.31520644511581064 0
5 0.680060422960725 0.31591137965760324 0
5 1.0500503524672709 0.31611278952668675 0
6 0.5252601544142329 0.3166330983551527 0
5 1.7572004028197383 0.31017119838872104 0
5 1.5252769385699898 0.3118831822759315 0
5 1.368982880161128 0.309264853977845 0
6 1.6804296743873781 0.30715005035246723 0
5 1.6250755287009064 0.30775427995971805 0
6 1.4086102719033233 0.302954011413226 0
5 1.2521651560926486 0.3030211480362538 0
5 1.453272910372608 0.30241691842900303 0
6 1.2967438737831487 0.2986740516951998 0
6 1.1262168512923802 0.301946962067808 0
5 1.720845921450151 0.29627391742195364 0
4 0.9681520644511581 0.2924219536757301 0
5 1.3389728096676736 0.2933534743202417 0
6 1.1780798925814033 0.29086941926821086 0
5 1.2201409869083584 0.28700906344410876 0
6 0.9299261497146695 0.28868747901980524 0
5 1.8545820745216512 0.2873111782477341 0
7 1.9398647676593295 0.28636167457919726 0
5 0.648539778449144 0.28157099697885196 0
6 0.6065793890567304 0.2812185297079557 0
6 0.5564786841221886 0.2797079556898288 0
9 0.7230237120823915 0.2826605706240364 0
6 1.0720879489761665 0.2784491440080564 0
5 0.7818731117824773 0.27703927492447133 0
6 1.8072339711312524 0.27349781805975165 0
6 1.5416247062772743 0.2756797583081571 0
7 1.4933822471586824 0.27729823047043595 0
6 0.8837697213830144 0.27374958039610614 0
6 0.5057066129573682 0.2772742531050688 0
6 1.017539442766029 0.26905001678415574 0
6 1.6409029875797245 0.2677912051023833 0
6 1.590382678751259 0.2709801946962068 0
4 0.4575780463242699 0.26724572004028196 0
5 1.7456193353474323 0.267472306143001 0
7 1.3756294058408862 0.2626240828657747 0
6 1.4332829808660625 0.26099362202081233 0
7 1.697022011221407 0.2552150769673428 0
7 1.2605380520788376 0.25629405840886205 0
6 0.9649211144679424 0.25327291037260824 0
7 1.3216084016688245 0.24902891670263272 0
5 1.95730110775428 0.24461228600201412 0
6 0.9198556562604902 0.2416918429003021 0
6 0.6797856520443661 0.2474215373727784 0
7 1.2078837577327004 0.2479499352611135 0
7 1.1432168033376493 0.24183570709250465 0
6 1.8575864384021485 0.23976166498825108 0
6 0.8298925814031554 0.23514602215508562 0
5 1.0464249748237662 0.23585095669687814 0
6 1.9164149043303123 0.236404833836858 0
6 1.5631923464249748 0.23430681436723733 0
5 1.6552870090634442 0.23021148036253777 0
5 1.4813059378186326 0.23110966266466723 0
7 0.6304128902316213 0.23140555315781902 0
6 0.5438066465256798 0.229607250755287 0
6 1.6090130916414904 0.22969117153407184 0
5 0.7818052195126552 0.22419688210815983 0
5 0.8780463242698892 0.22658610271903323 0
5 1.3578046324269888 0.21973816717019132 0
6 1.0924806982208797 0.21852970795568982 0
6 1.004951325948305 0.22138301443437394 0
5 1.2858006042296073 0.21873111782477342 0
4 1.3892245720040282 0.22218026183282982 0
5 1.7406847935548844 0.21832829808660628 0
6 1.243118496139644 0.206780798925814 0
6 0.9566968781470292 0.20753608593487746 0
7 0.5891957991655877 0.2027046468134081 0
5 1.95055387713998 0.20574018126888222 0
8 1.8012965760322257 0.20317220543806647 0
6 0.44326955354145686 0.19503188989593825 0
6 1.695703256126217 0.20325612621685124 0
5 0.809768378650554 0.19768378650553878 0
6 1.586858006042296 0.1933534743202417 0
7 1.5256342945287744 0.19636879227881926 0
8 0.10335447841636322 0.21300400457159055 0
6 1.324353810003357 0.19662638469284993 0
6 0.8527190332326284 0.19217858341725408 0
7 0.90562508991512 0.1886059559775572 0
6 0.5535414568647198 0.18420610943269555 0
7 1.0434469860451734 0.18623219680621494 0
7 1.1886009963306399 0.18255244867783416 0
7 1.6427852107610417 0.1845777585958855 0
6 1.2821416582745886 0.17891910036925146 0
7 1.139687170981769 0.17492764649109843 0
6 0.7734412411682332 0.18011707278734698 0
6 1.7519301779120506 0.17740852635112456 0
5 0.5068479355488419 0.17512588116817723 0
6 1.9196038939241356 0.17354817052702248 0
6 0.9904330312185298 0.1744712990936556 0
5 1.087311178247734 0.17250755287009065 0
7 0.6324989210185585 0.16911235793411022 0
7 1.3682923320385556 0.1673140555315782 0
5 0.9455186304128903 0.1658610271903323 0
4 0.5889979859013093 0.17245720040281973 0
6 1.8502014098690835 0.15827458878818396 0
6 0.7246832686942486 0.15720670017908916 0
6 1.318059751594495 0.15231621349446123 0
6 1.23539778449144 0.15466599530043637 0
5 0.8803625377643505 0.15911379657603222 0
4 0.5708710976837865 0.1531973816717019 0
6 1.6936052366565963 0.15424639140651225 0
5 1.6050352467270894 0.15347432024169186 0
7 1.8003165012228457 0.1478923895842325 0
6 0.8189828801611279 0.15340718361866396 0
5 1.5664407350936262 0.14932643425937858 0
4 1.0600453172205437 0.15118328298086606 0
7 0.5396345849518055 0.14609408718170044 0
7 1.4897226630714093 0.1382340988674849 0
5 1.4324640445658632 0.14128086105338827 0
5 0.7647532729103725 0.13474320241691845 0
5 1.8954682779456191 0.13444108761329304 0
5 1.27472306143001 0.13716012084592144 0
5 1.0973691427924712 0.13749083962346204 0
6 0.9719704598858678 0.13351795904665992 0
6 0.6852131587781136 0.1340214837193689 0
6 1.6444276602886874 0.13326619671030546 0
6 1.0212273025294298 0.13565289492629468 0
5 0.48479355488418935 0.1350453172205438 0
5 1.934944612286002 0.13071500503524675 0
5 1.8249748237663646 0.12567975830815709 0
7 1.7404689972665803 0.1243705941591138 0
6 0.9183450822423632 0.13016112789526685 0
5 1.3448136958710977 0.12376636455186305 0
4 1.8544813695871099 0.12399295065458207 0
6 1.1988025386865184 0.11755993131245808 0
5 1.3814702920443103 0.11309164149043302 0
6 0.5759483048002687 0.11706948640483383 0
7 1.596011832792383 0.10968288679295277 0
6 1.247901980530379 0.10758643840214839 0
9 0.6304688374174778 0.10719480810115252 0
6 1.6842900302114803 0.1054884189325277 0
4 0.994389040138409 0.1034341509190766 0
7 1.796360235937275 0.10315062580923609 0
8 1.3029959718026185 0.09818731117824774 0
7 0.536685369011653 0.09818731117824774 0
4 0.8240181268882175 0.0900050352467271 0
7 0.7313336210617178 0.09617321248741188 0
5 1.641792547834844 0.09254783484390736 0
5 0.9622786037119357 0.09110583030223006 0
5 0.6830815709969789 0.08892245720040282 0
5 1.7533736153071497 0.08116817724068479 0
7 1.3487268018990073 0.07696734282837002 0
5 1.1722710922346122 0.08023354742301204 0
7 1.9056250899151201 0.08157099697885196 0
6 1.8346760657938908 0.08006042296072508 0
5 1.7152064451158107 0.07935548841893253 0
6 1.2179422625041958 0.07108089963074858 0
6 0.7793722725746896 0.07309499832158443 0
5 1.5661386202900007 0.07097799518586398 0
6 0.5989425981873111 0.06294058408862034 0
9 0.8825668568870986 0.06562604900973482 0
7 1.2677312616889655 0.06071068910948065 0
6 1.6090970124202755 0.06143001007049346 0
5 1.4847935548841895 0.05679758308157099 0
6 0.7035078885532057 0.05412890231621349 0
6 1.3997985901309165 0.058996307485733465 0
5 1.309667673716012 0.05659617321248741 0
7 0.6522802474464107 0.0543087325564667 0
8 1.6717019133937563 0.05085599194360524 0
5 1.4831822759315205 0.05236656596173213 0
5 0.8227593152064451 0.05337361530715005 0
6 1.7856663309835514 0.05303793219201075 0
6 1.5276734222456958 0.05419700337324852 0
5 1.3001007049345419 0.04431017119838872 0
4 0.954610590994401 0.042004140848583144 0
6 1.7429506545820748 0.038267875125881166 0
5 0.779154078549849 0.7618328298086606 0
5 1.0829808660624372 0.7173212487411883 0
5 0.8746223564954683 0.7046324269889225 0
5 1.776636455186304 0.6523665659617321 0
5 0.04028197381671702 0.5874118831822759 0
5 1.0493454179254784 0.5331319234642498 0
5 0.08016112789526686 0.5057401812688822 0
5 1.0346424974823767 0.4495468277945619 0
6 0.5993818944593724 0.42160581830107213 0
5 1.3002014098690835 0.42487411883182274 0
6 1.3342477970004525 0.4053460826821123 0
5 1.7241691842900302 0.3836858006042296 0
5 1.2488418932527694 0.37462235649546827 0
4 0.5060422960725075 0.3507049345417926 0
5 1.893051359516616 0.27653575025176236 0
5 0.5826787512588117 0.24692849949647533 0
5 1.5196374622356497 0.240281973816717 0
6 0.6797856520443661 0.18775386365676627 0
4 0.45078046324269894 0.15697381671701913 0
5 1.456294058408862 0.09587109768378652 0
6 0.7405169519973145 0.7197885196374623 0
5 0.7131923464249749 0.6842900302114804 0
5 0.43709634724175217 0.0995576315313183 0
7 0.43489429075726704 0.05242058464551397 0
6 0.05007232656243471 0.38981851103233034 0
5 0.0909818676272238 0.37240988300592626 0
7 0.0528380741717648 0.2297975740812696 0
7 0.12148005516140056 0.2992725637002859 0
4 0.0945169970691362 0.3259858040637204 0
6 0.06837500613497102 0.29189748220788075 0
5 0.1396671826370686 0.6586623473657875 0
5 0.16056202044390327 0.6935305108106979 0
4 0.17807550950495105 0.7277039833927565 0
4 0.17049561425158344 0.6395718711331226 0
7 1.4655859399923143 0.19475130569853388 0
6 1.5368025341455398 0.10245627334455994 0
7 0.7282607400607584 0.20622394442081632 0
8 1.0611470079840883 0.08656240535989167 0
5 1.1475706092491351 0.11692806565835974 0
6 0.9981960176315722 0.05568355701146308 0
9 1.1290233624037471 0.07096270261351942 0
5 1.3679238414186277 0.38575222620344923 0
5 1.25102067636421 0.5362190591788096 0
4 1.3372829158951371 0.541401247779281 0
5 1.2298002608118583 0.647488679660008 0
5 1.3818994334450918 0.6974764490942251 0
5 0.6851356917779294 0.45529825831511817 0
6 0.648913601044485 0.4666464096602484 0
