5 0.75911 0.6165499999999999 0
7 0.7113071428571428 0.6135642857142856 0
9 0.951164327771 0.601427463434 0
6 0.6165499999999999 0.6065583333333333 0
6 1.01534349218 0.603373826258 0
6 0.5267166666666667 0.6038083333333334 0
6 0.4404583333333333 0.6018833333333334 0
6 0.35273333333333323 0.598675 0
6 0.26629166666666665 0.5963833333333334 0
6 0.17654999999999998 0.5946416666666665 0
6 0.09166666666666667 0.594 0
7 0.7975785714285714 0.5883428571428572 0
6 0.6621083333333334 0.5866666666666666 0
6 0.88566673422 0.585124964609 0
6 0.7407583333333334 0.5771333333333334 0
6 0.5719083333333334 0.5786 0
6 0.4827166666666667 0.5764916666666665 0
6 0.3947166666666667 0.5745666666666666 0
6 0.13255 0.5709916666666666 0
5 0.84425 0.5734299999999999 0
6 0.3105666666666667 0.5720916666666666 0
6 0.22302499999999997 0.5696166666666665 0
5 0.6988299999999998 0.56639 0
5 0.98865503399 0.565852575472 0
6 0.04583333333333334 0.5657666666666665 0
6 0.6159999999999999 0.5564166666666667 0
6 0.4385333333333333 0.5521999999999999 0
6 0.5258 0.5522916666666667 0
6 0.35658333333333325 0.548625 0
6 0.2671166666666666 0.5465166666666667 0
6 0.08790833333333332 0.5433083333333333 0
6 0.17700833333333335 0.542575 0
6 0.866325067553 0.537733297943 0
6 0.8240833333333335 0.5365249999999999 0
6 0.7700916666666665 0.5324 0
7 0.664913499773 0.528953799802 0
6 0.5700749999999999 0.527725 0
6 0.4833583333333332 0.5264416666666667 0
6 0.719082416402 0.525996099769 0
6 0.3949 0.5241499999999999 0
6 0.311575 0.5214916666666667 0
6 0.22247499999999998 0.5195666666666667 0
6 0.13181666666666667 0.5169083333333333 0
8 0.984576055372 0.516162520513 0
6 0.045283333333333335 0.5155333333333332 0
6 1.04425144414 0.50567294899 0
6 0.5278166666666666 0.5031583333333333 0
6 0.6156333333333334 0.5034333333333333 0
6 0.35520833333333324 0.49949166666666667 0
6 0.44165 0.49949166666666667 0
5 0.888783505548 0.497713809336 0
6 0.26693333333333336 0.49490833333333323 0
6 0.8469083333333334 0.4928916666666667 0
6 0.17654999999999998 0.4916083333333333 0
6 0.08974166666666668 0.4912416666666667 0
6 0.7967666666666665 0.4887666666666667 0
6 0.742732416402 0.485571099769 0
5 0.652358899683 0.480165319723 0
6 0.5724583333333334 0.47703333333333325 0
6 0.4862 0.47602500000000003 0
5 1.01381918388 0.470851024381 0
6 0.3098333333333333 0.47034166666666666 0
6 0.39783333333333326 0.4711666666666667 0
6 0.22284166666666666 0.46786666666666665 0
6 0.13181666666666667 0.46548333333333325 0
7 0.045375 0.46401666666666663 0
6 0.6170083333333334 0.45402499999999996 0
6 0.5309333333333333 0.451275 0
6 0.44265833333333326 0.4481583333333333 0
8 0.883403649648 0.445979795157 0
6 0.3534666666666667 0.44641666666666663 0
6 0.8232583333333334 0.4444916666666667 0
6 0.722107416402 0.442212766436 0
6 0.26555833333333334 0.4433916666666667 0
6 0.09386666666666668 0.44128333333333325 0
6 0.7733916666666666 0.44210833333333327 0
6 0.17728333333333335 0.4409166666666667 0
7 0.665384928345 0.434982371231 0
6 0.5757583333333334 0.42725833333333324 0
6 0.48711666666666664 0.4242333333333333 0
6 0.39709999999999995 0.4213916666666667 0
6 0.22064166666666662 0.417725 0
6 0.30955833333333327 0.4186416666666667 0
6 0.13401666666666667 0.41635 0
6 0.046016666666666664 0.4125916666666667 0
7 1.04561340066 0.405904010869 0
5 0.845842028201 0.405468123401 0
6 0.6190249999999999 0.40424999999999994 0
4 0.914162204965 0.408278156203 0
5 0.7491 0.4048 0
6 0.5319416666666668 0.39985 0
6 0.7058333333333333 0.3974666666666667 0
6 0.3526416666666667 0.3960916666666667 0
6 0.44055 0.39673333333333327 0
7 0.7975785714285714 0.3919142857142857 0
6 0.26565 0.39215 0
6 0.17682499999999998 0.39068333333333327 0
6 0.09065833333333331 0.38885 0
6 0.6610083333333334 0.3783083333333333 0
6 0.576675 0.37610833333333327 0
6 0.4851 0.3735416666666667 0
6 0.3970083333333333 0.3718 0
6 0.3089166666666667 0.3678583333333333 0
4 0.992316979737 0.366932195591 0
5 0.6936599999999999 0.35914999999999997 0
6 0.22284166666666666 0.366025 0
6 0.13255 0.3637333333333333 0
7 0.7457214285714285 0.3596214285714286 0
6 0.046475 0.3617166666666667 0
6 0.84391555329 0.359687290518 0
6 0.6181083333333334 0.3516333333333333 0
6 0.5309333333333333 0.3501666666666667 0
6 0.44229166666666664 0.348425 0
6 0.3532833333333333 0.34402499999999997 0
6 0.26574166666666665 0.3420083333333333 0
6 0.179025 0.34035833333333326 0
6 0.08955833333333332 0.3394416666666667 0
6 0.7981416666666665 0.33467499999999994 0
6 0.981165740322 0.329165230788 0
6 0.5731916666666665 0.32642499999999997 0
6 0.4865666666666667 0.32376666666666665 0
6 0.6655916666666666 0.3255083333333333 0
5 0.837306635747 0.317216625221 0
6 0.3961833333333333 0.31863333333333327 0
6 0.31120833333333325 0.317075 0
6 0.223575 0.31560833333333327 0
6 0.1349333333333333 0.31405 0
7 0.044641666666666656 0.3135 0
7 0.7094214285714285 0.3091 0
5 0.75933 0.30998000000000003 0
6 0.6180166666666665 0.3013083333333333 0
5 1.05681712416 0.299257304839 0
6 0.5286416666666667 0.2981916666666667 0
6 0.4404583333333333 0.2958083333333333 0
6 0.35245833333333326 0.2937916666666667 0
6 0.17994166666666664 0.28948333333333326 0
6 0.26876666666666665 0.2905833333333333 0
6 0.09019999999999999 0.2871 0
7 0.963479855054 0.276536392545 0
6 0.858813863122 0.279288854351 0
6 0.6647666666666665 0.2772916666666666 0
8 0.7992874999999999 0.27603125 0
6 0.909780529789 0.277363854351 0
5 0.74624 0.27379 0
6 0.5707166666666665 0.27417499999999995 0
6 0.39783333333333326 0.27069166666666666 0
6 0.312125 0.26940833333333336 0
6 0.48427499999999996 0.27188333333333337 0
6 0.22339166666666666 0.2639083333333333 0
6 0.047025 0.26088333333333336 0
6 0.13190833333333332 0.26088333333333336 0
6 0.7076666666666666 0.25098333333333334 0
6 0.6174666666666665 0.25025 0
6 0.5293749999999999 0.24841666666666665 0
6 0.44082499999999997 0.24557499999999996 0
5 1.00150232704 0.24468587939 0
6 0.35419999999999996 0.24300833333333335 0
6 0.26647499999999996 0.23998333333333335 0
5 0.8402899999999999 0.23969000000000001 0
6 0.17838333333333334 0.23686666666666664 0
5 0.9266399999999999 0.23683 0
6 0.08900833333333333 0.23356666666666662 0
6 0.8834833333333334 0.232925 0
7 0.7560928571428571 0.2257357142857143 0
6 0.5712666666666666 0.22559166666666663 0
6 0.6624749999999999 0.22549999999999998 0
6 0.4862916666666667 0.22174166666666664 0
6 0.39517499999999994 0.21917499999999998 0
6 0.9665333333333332 0.21844166666666665 0
5 0.80542 0.22044000000000002 0
6 0.3111166666666667 0.21587499999999998 0
6 0.1338333333333333 0.21138333333333334 0
6 0.22183333333333333 0.212025 0
6 0.04500833333333333 0.20808333333333334 0
6 0.705375 0.20038333333333336 0
5 1.06185834678 0.197207495184 0
7 0.850717292087 0.194538347435 0
6 0.617925 0.19919166666666663 0
6 0.5304749999999999 0.19809166666666664 0
7 1.01469167627 0.195783925131 0
6 0.44293333333333323 0.19405833333333333 0
6 0.35309999999999997 0.19029999999999997 0
6 0.26693333333333336 0.18846666666666662 0
8 0.913983880576 0.185002304006 0
6 0.17765 0.18635833333333335 0
6 0.09001666666666666 0.18415833333333334 0
6 0.6614666666666665 0.17618333333333333 0
5 0.7417299999999999 0.17589 0
5 0.96921 0.17346999999999996 0
7 0.7906642857142856 0.17262142857142856 0
6 0.5752999999999999 0.17352499999999998 0
6 0.48839999999999995 0.17049999999999998 0
6 0.3992083333333333 0.16701666666666665 0
6 0.3113916666666667 0.16435833333333333 0
6 0.13575833333333331 0.16234166666666663 0
6 0.22302499999999997 0.16224999999999998 0
6 0.04244166666666666 0.15931666666666663 0
6 0.70455 0.151525 0
6 0.6190249999999999 0.14804166666666663 0
6 0.5318499999999999 0.14620833333333333 0
6 1.00169770979 0.14142150221 0
6 0.4455 0.14290833333333336 0
6 0.35493333333333327 0.13951666666666668 0
6 0.26629166666666665 0.13832499999999998 0
7 0.838835152783 0.133809182654 0
6 0.17920833333333336 0.13548333333333332 0
6 0.08818333333333331 0.13511666666666666 0
6 0.891649344913 0.127877379762 0
6 0.7495583333333334 0.130075 0
7 0.948426820279 0.124979811722 0
5 0.7912299999999999 0.121 0
6 0.66275 0.123475 0
6 0.5756666666666665 0.12173333333333332 0
6 0.48702499999999993 0.12035833333333332 0
6 0.40058333333333324 0.11715 0
6 0.0429 0.11348333333333331 0
6 0.22210833333333335 0.11256666666666668 0
6 0.31175833333333325 0.11284166666666666 0
6 0.13511666666666666 0.11055 0
6 0.7095 0.10064999999999999 0
6 0.6190249999999999 0.09734999999999999 0
6 0.4456833333333333 0.093775 0
6 0.5305666666666667 0.09395833333333332 0
6 0.35585 0.09010833333333332 0
6 0.17838333333333334 0.087725 0
5 0.910775004974 0.087899169306 0
6 0.088825 0.08644166666666667 0
6 0.26702499999999996 0.08708333333333332 0
6 0.813979170812 0.0830576410883 0
7 0.75955 0.08092857142857142 0
6 0.4873916666666667 0.0715 0
6 0.6654083333333334 0.07305833333333331 0
6 0.5745666666666666 0.07085833333333333 0
6 0.950664623659 0.0665181136757 0
6 0.4000333333333333 0.06535833333333332 0
6 0.3114833333333333 0.06086666666666666 0
7 0.22542142857142858 0.05602142857142857 0
6 0.13209166666666666 0.05866666666666666 0
6 0.7091333333333334 0.05078333333333333 0
6 0.996467104529 0.0513651315978 0
6 0.6210416666666665 0.04656666666666666 0
6 0.5313 0.04500833333333333 0
5 0.79112 0.04356 0
7 0.44384999999999997 0.04198333333333333 0
7 0.894095837479 0.0431826410883 0
7 0.26684166666666664 0.03703333333333333 0
5 0.936303984767 0.317415329737 0
6 0.692377831747 0.479584931947 0
8 0.944271459585 0.373105319303 0
5 0.978686049004 0.464456218002 0
8 1.00289506831 0.415458157772 0
4 0.957964318177 0.556544866727 0
6 1.0306859531 0.555184624212 0
7 0.9205477395 0.540462527489 0
6 0.94336061296 0.436615679746 0
6 0.935961803149 0.482768677848 0
6 0.886755128308 0.387111725119 0
7 0.887511305321 0.329009431761 0
4 0.872883544607 0.159330932045 0
6 0.864383358204 0.0819958465301 0
5 1.03355588844 0.106926726811 0
6 0.995773556159 0.0926390333096 0
7 1.05119065618 0.152697410852 0
7 1.041947906 0.0590340583225 0
7 1.04595393347 0.247468184538 0
6 1.01475921226 0.291016041726 0
8 1.03701516658 0.352462987596 0
