7 122 953 0
7 641 952 0
7 839 951 0
6 434 936 0
6 232 906 0
5 548 891 0
6 950 885 0
7 29 879 0
6 346 859 0
7 740 841 0
6 139 832 0
6 604 814 0
7 465 810 0
6 250 782 0
5 47 757 0
6 968 756 0
5 361 744 0
6 158 709 0
6 685 705 0
6 880 689 0
7 538 676 0
6 266 658 0
6 63 634 0
8 767 601 0
8 404 593 0
6 173 592 0
6 905 560 0
6 543 534 0
5 646 499 0
7 74 493 0
6 354 468 0
7 207 459 0
6 766 431 0
8 914 426 0
5 567 420 0
6 453 349 0
6 306 342 0
5 43 341 0
5 940 312 0
7 174 305 0
6 846 301 0
6 719 282 0
8 594 253 0
5 272 246 0
6 65 222 0
7 377 214 0
7 947 197 0
6 176 181 0
7 804 155 0
6 485 149 0
6 289 127 0
6 606 110 0
8 84 97 0
6 395 78 0
6 706 57 0
7 194 50 0
6 509 34 0
7 844 22 0
6 865 803 0
5 789 739 0
4 442 691 0
5 634 606 0
5 280 550 0
4 820 510 0
5 462 465 0
5 124 401 0
5 664 378 0
4 488 254 0
5 693 172 0
4 891 110 0
