5 11.027799841143764 8.343137254901961 0
6 3.4074662430500395 8.302139037433156 0
6 8.611596505162828 8.274806892453952 0
7 6.7220015885623505 8.240641711229946 0
6 1.3939634630659252 8.240641711229946 0
7 2.932486100079428 8.220142602495544 0
7 11.79189833200953 8.213309566250743 0
7 10.356632247815726 8.213309566250743 0
6 15.065131056393962 8.103980986333928 0
6 2.3542494042891184 8.083481877599525 0
6 12.700555996822875 8.069815805109924 0
7 4.274821286735504 8.069815805109924 0
7 16.583002382843524 8.062982768865123 0
5 0.9189833200953137 8.056149732620321 0
6 7.517077045274027 8.04931669637552 0
6 14.63145353455123 8.021984551396317 0
6 7.031771247021445 8.001485442661913 0
6 5.679110405083399 7.994652406417113 0
6 1.8792692613185067 7.97415329768271 0
6 16.056393963463066 7.946821152703506 0
6 12.204924543288323 7.946821152703506 0
6 10.71803018268467 7.939988116458705 0
7 9.891977760127084 7.933155080213904 0
6 5.100873709293089 7.933155080213904 0
6 14.156473391580619 7.926322043969103 0
6 8.98332009531374 7.9194890077243025 0
6 15.509134233518665 7.878490790255497 0
7 3.2422557585385223 7.878490790255497 0
7 4.5845909451945985 7.864824717765894 0
6 8.415409054805401 7.857991681521094 0
6 6.546465448768864 7.8443256090314915 0
6 13.588562351072278 7.7759952465834825 0
6 14.961874503574265 7.76232917409388 0
6 11.667990468625893 7.76232917409388 0
6 16.85146942017474 7.741830065359477 0
7 6.040508339952343 7.707664884135473 0
6 13.072279586973789 7.700831847890671 0
6 16.37648927720413 7.68716577540107 0
6 7.940428911834789 7.680332739156269 0
6 14.445591739475773 7.666666666666667 0
6 2.1890389197776012 7.666666666666667 0
6 7.455123113582208 7.659833630421866 0
6 12.545671167593328 7.653000594177065 0
7 9.375694996028594 7.646167557932264 0
6 5.503574265289912 7.646167557932264 0
6 11.131056393963462 7.639334521687463 0
6 10.68705321683876 7.625668449197861 0
6 1.7347100873709291 7.625668449197861 0
6 15.808578236695789 7.591503267973857 0
7 6.887212073073868 7.564171122994653 0
6 13.929308975377284 7.54367201426025 0
7 4.976965845909452 7.5368389780154486 0
7 1.0532168387609213 7.530005941770648 0
6 12.029388403494837 7.523172905525847 0
6 3.0563939634630657 7.523172905525847 0
7 10.067513899920572 7.509506833036245 0
6 8.849086576648133 7.509506833036245 0
6 2.602065131056394 7.47534165181224 0
7 4.471008737092931 7.454842543077837 0
6 15.333598093725177 7.448009506833037 0
6 13.413026211278792 7.4411764705882355 0
6 8.322478157267673 7.4411764705882355 0
6 11.069102462271644 7.366013071895425 0
6 14.827640984908657 7.359180035650624 0
6 6.370929308975377 7.359180035650624 0
7 3.94440031771247 7.3455139631610225 0
6 2.034154090548054 7.338680926916221 0
6 12.8967434471803 7.331847890671421 0
7 16.727561556791102 7.32501485442662 0
6 16.242255758538523 7.290849673202615 0
6 5.864972200158856 7.290849673202615 0
6 14.311358220810167 7.270350564468212 0
8 10.490865766481335 7.243018419489008 0
6 1.4868943606036535 7.236185383244207 0
6 5.338363780778395 7.2293523469994065 0
6 12.339158061953931 7.215686274509804 0
6 7.269261318506751 7.215686274509804 0
6 3.324861000794281 7.215686274509804 0
6 15.694996028594122 7.174688057040998 0
7 6.7013502779984115 7.174688057040998 0
6 8.632247815726767 7.1541889483065955 0
6 4.8117553613979345 7.1541889483065955 0
6 13.815726767275615 7.147355912061795 0
6 2.932486100079428 7.147355912061795 0
6 11.86417791898332 7.120023767082591 0
6 15.116759332803811 7.099524658348188 0
6 6.19539316918189 7.092691622103387 0
6 9.964257347100872 7.079025549613785 0
6 8.167593328038125 7.072192513368984 0
6 4.254169976171564 7.058526440879382 0
6 11.368546465448768 7.051693404634581 0
7 2.4058776806989672 7.0380273321449796 0
6 13.227164416203335 7.024361259655378 0
6 14.63145353455123 7.010695187165775 0
6 16.572676727561557 7.003862150920975 0
6 3.8101667990468626 7.003862150920975 0
6 5.699761715647339 6.976530005941771 0
6 9.478951548848292 6.962863933452169 0
6 7.558379666401906 6.962863933452169 0
6 12.721207307386814 6.9423648247177665 0
6 1.8689436060365368 6.9423648247177665 0
6 14.0945194598888 6.915032679738562 0
7 10.810961080222398 6.908199643493761 0
6 3.1906274821286735 6.908199643493761 0
6 8.952343129467831 6.8945335710041595 0
6 12.204924543288323 6.874034462269757 0
6 13.609213661636218 6.839869281045752 0
6 7.093725178713264 6.839869281045752 0
6 1.352660841938046 6.839869281045752 0
6 16.89277204130262 6.833036244800951 0
6 0.846703733121525 6.7988710635769465 0
6 11.688641779189833 6.792038027332145 0
6 8.46703733121525 6.792038027332145 0
6 5.162827640984909 6.785204991087344 0
6 2.746624305003971 6.778371954842544 0
6 6.577442414614773 6.7510398098633395 0
6 15.540111199364574 6.744206773618538 0
6 4.615567911040508 6.737373737373738 0
6 6.040508339952343 6.730540701128937 0
6 15.003177124702145 6.723707664884135 0
6 16.3868149324861 6.669043374925728 0
7 11.141382049245433 6.662210338680927 0
7 9.891977760127084 6.662210338680927 0
6 2.2096902303415407 6.6553773024361265 0
6 13.103256552819698 6.621212121212121 0
6 14.486894360603653 6.614379084967321 0
6 9.355043685464654 6.587046939988117 0
6 1.7243844320889594 6.587046939988117 0
6 7.3518665607625096 6.573380867498515 0
6 12.586973788721206 6.546048722519311 0
6 15.8395552025417 6.5392156862745106 0
8 10.583796664019061 6.5392156862745106 0
6 4.945988880063542 6.518716577540108 0
6 3.665607625099285 6.518716577540108 0
6 6.866560762509928 6.511883541295306 0
6 13.980937251787132 6.505050505050505 0
6 8.807783955520254 6.498217468805705 0
6 12.039714058776806 6.484551396316102 0
6 1.1667990468625893 6.477718360071302 0
6 3.0770452740270056 6.4640522875816995 0
6 4.471008737092931 6.416221033868093 0
6 6.401906274821286 6.3957219251336905 0
6 13.474980142970612 6.388888888888889 0
6 2.5710881652104844 6.388888888888889 0
6 15.405877680698966 6.361556743909685 0
5 3.95472597299444 6.361556743909685 0
6 7.7958697378872115 6.3205585264408795 0
6 12.8967434471803 6.293226381461676 0
6 14.837966640190627 6.286393345216875 0
6 10.11914217633042 6.265894236482472 0
6 5.844320889594917 6.265894236482472 0
6 16.159650516282763 6.238562091503268 0
6 14.321683876092136 6.238562091503268 0
6 5.348689436060365 6.218062982768865 0
6 15.75694996028594 6.211229946524065 0
6 12.421763304209689 6.2043969102792635 0
6 13.743447180301827 6.197563874034462 0
6 3.3971405877680696 6.197563874034462 0
6 7.238284352660842 6.183897801544861 0
5 11.089753772835584 6.177064765300059 0
6 4.8014297061159645 6.156565656565657 0
7 9.189833200953137 6.149732620320856 0
6 2.860206513105639 6.142899584076055 0
7 1.5901509134233518 6.122400475341652 0
7 11.88482922954726 6.1087344028520505 0
6 2.385226370135028 6.081402257872846 0
5 6.691024622716442 6.074569221628045 0
7 0.9086576648133439 6.054070112893642 0
6 16.572676727561557 6.0130718954248366 0
6 8.115965051628276 6.0130718954248366 0
4 6.391580619539317 6.006238859180036 0
6 4.264495631453534 5.9652406417112305 0
7 9.737092930897537 5.951574569221628 0
6 11.378872120730739 5.944741532976828 0
6 5.689436060365369 5.937908496732026 0
6 16.066719618745037 5.9174093879976235 0
6 14.14614773629865 5.849079025549614 0
7 1.806989674344718 5.842245989304813 0
6 10.914217633042096 5.835412953060012 0
5 3.820492454328832 5.835412953060012 0
6 13.619539316918189 5.828579916815211 0
6 8.46703733121525 5.814913844325609 0
4 6.494837172359015 5.814913844325609 0
6 5.2144559173947576 5.814913844325609 0
6 15.581413820492454 5.794414735591206 0
6 12.246227164416203 5.787581699346405 0
6 3.273232724384432 5.787581699346405 0
7 10.274027005559967 5.780748663101605 0
6 4.656870532168387 5.739750445632799 0
5 1.3939634630659252 5.739750445632799 0
7 16.9340746624305 5.719251336898396 0
6 0.9396346306592533 5.719251336898396 0
6 2.81890389197776 5.705585264408794 0
6 6.030182684670373 5.691919191919192 0
6 15.044479745830023 5.685086155674391 0
6 11.719618745035742 5.664587046939989 0
6 7.930103256552819 5.650920974450386 0
6 11.131056393963462 5.644087938205586 0
7 9.303415409054805 5.623588829471183 0
6 16.41779189833201 5.60308972073678 0
6 13.103256552819698 5.589423648247178 0
6 3.593328038125496 5.568924539512775 0
6 14.528196981731533 5.548425430778372 0
6 5.524225575853852 5.548425430778372 0
6 15.901509134233518 5.53475935828877 0
6 10.71803018268467 5.527926322043969 0
6 7.424146147736298 5.521093285799169 0
6 12.576648133439237 5.493761140819965 0
6 8.745830023828434 5.480095068330363 0
6 14.001588562351072 5.473262032085562 0
6 5.06989674344718 5.466428995840761 0
6 6.887212073073868 5.45959595959596 0
6 12.132644956314534 5.439096850861557 0
6 10.15011914217633 5.4185977421271545 0
6 0.45432883240667193 5.411764705882353 0
8 3.0563939634630657 5.404931669637552 0
6 4.55361397934869 5.384432560903149 0
6 15.374900714853057 5.377599524658349 0
6 13.51628276409849 5.363933452168746 0
6 6.370929308975377 5.357100415923946 0
6 9.654487688641778 5.336601307189543 0
6 2.478157267672756 5.329768270944742 0
7 1.9515488482922954 5.329768270944742 0
6 11.595710881652105 5.31610219845514 0
6 16.758538522637014 5.2751039809863345 0
6 7.723590150913423 5.268270944741533 0
6 14.889594916600476 5.261437908496732 0
6 12.93804606830818 5.24777183600713 0
6 9.127879269261317 5.220439691027926 0
6 11.027799841143764 5.206773618538325 0
6 16.29388403494837 5.199940582293523 0
6 12.442414614773629 5.158942364824718 0
6 7.238284352660842 5.152109328579917 0
7 5.359015091342335 5.152109328579917 0
6 14.352660841938045 5.145276292335116 0
6 10.542494042891184 5.145276292335116 0
6 15.75694996028594 5.1316102198455145 0
6 6.7220015885623505 5.124777183600713 0
6 11.936457505957108 5.111111111111112 0
6 4.791104050833995 5.111111111111112 0
6 8.652899126290707 5.097445038621509 0
6 0.6711675933280381 5.0837789661319075 0
6 9.995234312946783 5.070112893642306 0
7 6.2883240667196185 5.070112893642306 0
6 13.826052422557584 5.063279857397505 0
6 15.24066719618745 5.042780748663102 0
6 2.6949960285941224 5.0291146761735 0
7 4.264495631453534 5.022281639928699 0
6 8.064336775218427 5.015448603683898 0
6 13.382049245432883 4.994949494949495 0
6 11.399523431294678 4.96078431372549 0
7 1.7553613979348688 4.912953060011883 0
6 12.793486894360603 4.871954842543078 0
6 7.610007942811755 4.871954842543078 0
7 1.063542494042891 4.858288770053476 0
7 3.7378872120730735 4.837789661319073 0
6 14.714058776806988 4.830956625074272 0
7 10.883240667196187 4.81729055258467 0
6 9.02462271644162 4.783125371360666 0
6 14.208101667990467 4.776292335115865 0
6 12.328832406671962 4.769459298871064 0
6 10.356632247815726 4.755793226381462 0
4 16.108022239872913 4.748960190136661 0
6 7.124702144559174 4.748960190136661 0
7 5.193804606830818 4.74212715389186 0
6 8.47736298649722 4.735294117647059 0
6 15.674344718030182 4.714795008912656 0
6 13.702144559173947 4.707961972667856 0
6 9.871326449563146 4.707961972667856 0
6 0.7124702144559174 4.701128936423054 0
7 11.647339158061953 4.6806298276886515 0
6 4.698173153296267 4.6806298276886515 0
6 2.8292295472597297 4.6806298276886515 0
6 6.577442414614773 4.66696375519905 0
6 9.303415409054805 4.660130718954249 0
6 16.448768864177918 4.612299465240642 0
6 11.28594122319301 4.605466428995841 0
5 15.922160444797457 4.52346999405823 0
6 8.818109610802223 4.45513963161022 0
6 10.7077045274027 4.434640522875817 0
7 1.8999205718824463 4.420974450386216 0
6 15.385226370135028 4.414141414141414 0
6 12.628276409849086 4.400475341651813 0
5 6.308975377283558 4.3936423054070115 0
7 5.596505162827641 4.37997623291741 0
6 5.0285941223193005 4.373143196672609 0
6 10.222398729150118 4.366310160427807 0
6 14.08419380460683 4.352644087938206 0
6 13.52660841938046 4.352644087938206 0
6 8.291501191421762 4.352644087938206 0
6 12.215250198570294 4.338978015448604 0
5 5.8752978554408255 4.338978015448604 0
6 16.79984114376489 4.318478906714201 0
6 14.910246227164416 4.318478906714201 0
6 7.806195393169181 4.2979797979797985 0
7 4.388403494837172 4.2979797979797985 0
7 3.4281175536139794 4.2979797979797985 0
8 1.352660841938046 4.284313725490196 0
6 11.595710881652105 4.270647653000594 0
6 9.716441620333597 4.270647653000594 0
5 0.4853057982525814 4.270647653000594 0
6 2.8498808578236696 4.2501485442661915 0
6 7.310563939634631 4.222816399286987 0
6 11.100079428117553 4.2023172905525845 0
6 0.8157267672756155 4.195484254307784 0
6 9.251787132644957 4.188651218062983 0
6 16.27323272438443 4.147653000594177 0
6 14.352660841938045 4.140819964349376 0
6 12.483717235901509 4.072489601901367 0
6 13.908657664813344 4.065656565656566 0
6 4.842732327243844 4.0588235294117645 0
6 15.78792692613185 4.045157456922163 0
6 10.594122319301032 4.045157456922163 0
6 8.683876092136616 4.045157456922163 0
6 3.9650516282764094 4.045157456922163 0
6 10.088165210484512 4.004159239453357 0
6 15.302621127879268 3.9768270944741535 0
6 11.936457505957108 3.9768270944741535 0
6 8.146942017474185 3.9699940582293527 0
6 6.804606830818109 3.9563279857397506 0
6 14.817315329626688 3.935828877005348 0
6 11.430500397140587 3.935828877005348 0
7 6.277998411437649 3.935828877005348 0
6 13.371723590150912 3.928995840760547 0
6 9.53057982525814 3.9221628045157457 0
4 1.7037331215250198 3.915329768270945 0
7 7.589356632247815 3.894830659536542 0
6 16.686258935663226 3.8879976232917413 0
6 10.996822875297855 3.8879976232917413 0
7 5.720413026211278 3.88116458704694 0
7 1.3629864972200159 3.88116458704694 0
6 12.824463860206512 3.8674985145573384 0
6 7.1350277998411435 3.860665478312537 0
6 9.01429706115965 3.8196672608437314 0
6 3.5210484511517075 3.80600118835413 0
6 2.5607625099285145 3.765002970885324 0
6 5.193804606830818 3.758169934640523 0
6 16.169976171564734 3.7035056446821155 0
6 14.228752978554407 3.6830065359477127 0
6 10.428911834789515 3.6830065359477127 0
6 8.518665607625099 3.6830065359477127 0
6 11.8022239872915 3.655674390968509 0
7 4.749801429706116 3.635175282234106 0
6 15.694996028594122 3.628342245989305 0
6 13.743447180301827 3.628342245989305 0
6 9.902303415409055 3.628342245989305 0
7 4.099285146942017 3.601010101010101 0
6 15.106433677521842 3.5668449197860963 0
6 8.002382843526608 3.5668449197860963 0
6 11.27561556791104 3.5531788472964947 0
6 9.386020651310563 3.5531788472964947 0
6 7.475774424146147 3.5258467023172906 0
6 13.216838760921366 3.512180629827689 0
7 5.534551231135822 3.498514557338087 0
7 3.097696584590945 3.484848484848485 0
7 0.5162827640984908 3.478015448603684 0
6 10.75933280381255 3.4506833036244804 0
8 1.0841938046068307 3.4301841948900775 0
6 12.710881652104845 3.4233511586452763 0
6 6.9388403494837165 3.4028520499108734 0
6 15.984114376489277 3.389185977421272 0
7 2.0961080222398727 3.3823529411764706 0
6 8.343129467831613 3.355020796197267 0
6 12.163621922160445 3.3276886512180632 0
6 14.08419380460683 3.320855614973262 0
6 10.284352660841938 3.3071895424836604 0
6 13.49563145353455 3.300356506238859 0
6 15.457505957108816 3.2935234699940583 0
5 5.06989674344718 3.2730243612596555 0
6 5.885623510722795 3.2661913250148547 0
6 16.87212073073868 3.259358288770054 0
6 11.637013502779984 3.2525252525252526 0
6 9.747418586179506 3.245692216280452 0
6 7.826846703733121 3.245692216280452 0
5 5.348689436060365 3.2320261437908497 0
6 13.082605242255758 3.225193107546049 0
6 14.961874503574265 3.218360071301248 0
7 3.9857029388403493 3.211527035056447 0
6 7.269261318506751 3.184194890077243 0
6 16.32486100079428 3.1773618538324424 0
7 9.210484511517077 3.1773618538324424 0
6 11.120730738681493 3.170528817587641 0
5 4.5845909451945985 3.1636957813428404 0
7 0.7744241461477362 3.1500297088532383 0
6 14.435266084193804 3.1363636363636367 0
6 8.704527402700556 3.1090314913844326 0
6 10.583796664019061 3.074866310160428 0
6 15.8395552025417 3.068033273915627 0
6 6.7736298649722 3.061200237670826 0
6 3.3661636219221602 3.0543672014260252 0
6 13.918983320095313 2.9997029114676175 0
6 1.2494042891183479 2.9997029114676175 0
6 6.267672756155679 2.9792038027332146 0
7 1.8276409849086577 2.9792038027332146 0
6 12.039714058776806 2.972370766488414 0
7 8.167593328038125 2.9450386215092097 0
6 15.302621127879268 2.917706476530006 0
6 13.402700555996823 2.917706476530006 0
6 10.108816521048452 2.9108734402852052 0
7 5.741064336775218 2.883541295306001 0
6 4.357426528991263 2.8767082590612003 0
6 11.471803018268467 2.8698752228163995 0
6 7.640984908657664 2.8357100415923946 0
6 14.776012708498808 2.828877005347594 0
6 3.8617950754567114 2.828877005347594 0
6 12.87609213661636 2.8152109328579917 0
6 16.686258935663226 2.808377896613191 0
6 9.57188244638602 2.808377896613191 0
6 10.955520254169976 2.7810457516339873 0
7 5.235107227958697 2.774212715389186 0
7 9.117553613979348 2.7605466428995844 0
6 14.259729944400316 2.7468805704099823 0
6 16.190627482128672 2.7195484254307787 0
6 7.104050833995234 2.7127153891859774 0
6 12.359809372517871 2.7058823529411766 0
6 4.667196187450357 2.6853832442067738 0
7 2.7776012708498805 2.6853832442067738 0
8 0.8363780778395552 2.6717171717171717 0
6 10.428911834789515 2.65805109922757 0
6 13.764098490865766 2.630718954248366 0
6 11.85385226370135 2.630718954248366 0
6 8.539316918189039 2.630718954248366 0
6 6.649722001588562 2.630718954248366 0
6 4.243844320889595 2.5965537730243615 0
6 15.664019062748212 2.5897207367795603 0
6 8.012708498808578 2.5692216280451574 0
7 6.20571882446386 2.5487225193107546 0
6 13.268467037331215 2.5418894830659537 0
6 11.29626687847498 2.5282234105763517 0
6 15.1890389197776 2.521390374331551 0
6 9.406671961874503 2.521390374331551 0
7 1.796664019062748 2.4940582293523472 0
6 5.575853852263701 2.4598930481283423 0
7 16.562351072279586 2.4462269756387403 0
6 3.7688641779189833 2.4462269756387403 0
6 12.700555996822875 2.4393939393939394 0
6 7.506751389992057 2.4325609031491386 0
6 14.68308181096108 2.4257278669043374 0
7 8.900714853057982 2.405228758169935 0
6 2.302621127879269 2.405228758169935 0
7 3.200953137410643 2.3983957219251337 0
6 10.790309769658458 2.391562685680333 0
6 15.994440031771246 2.357397504456328 0
6 12.235901509134234 2.357397504456328 0
6 14.12549642573471 2.3300653594771243 0
6 5.05957108816521 2.3163992869875223 0
6 10.284352660841938 2.3095662507427215 0
6 8.374106433677522 2.282234105763518 0
6 15.560762509928514 2.2685680332739158 0
6 11.688641779189833 2.2207367795603092 0
6 7.816521048451151 2.213903743315508 0
6 13.567911040508339 2.207070707070707 0
6 9.768069896743446 2.207070707070707 0
6 0.9293089753772835 2.1797385620915035 0
6 1.466243050039714 2.1524064171122994 0
6 15.075456711675933 2.1455733808674986 0
6 11.120730738681493 2.138740344622698 0
5 7.393169181890389 2.138740344622698 0
6 9.200158856235106 2.1250742721330957 0
6 5.451945988880063 2.118241235888295 0
6 13.103256552819698 2.097742127153892 0
6 1.9308975377283557 2.0567439096850864 0
6 16.41779189833201 2.049910873440285 0
6 2.4988085782366958 2.0362448009506835 0
6 14.497220015885622 2.0294117647058822 0
6 6.814932486100079 2.0225787284610814 0
8 12.617950754567117 2.0157456922162806 0
6 8.683876092136616 2.0157456922162806 0
6 10.583796664019061 2.0089126559714794 0
7 3.087370929308975 2.0020796197266786 0
6 15.880857823669578 1.9884135472370768 0
6 4.925337569499603 1.967914438502674 0
6 13.949960285941222 1.947415329768271 0
6 8.260524225575853 1.9200831847890671 0
6 13.433677521842732 1.9064171122994653 0
6 12.029388403494837 1.9064171122994653 0
8 0.46465448768864176 1.9064171122994653 0
6 15.354249404289117 1.8995840760546643 0
6 7.713264495631453 1.8654188948306596 0
6 4.357426528991263 1.8517528223410578 0
7 11.482128673550436 1.831253713606655 0
6 5.792692613185067 1.817587641117053 0
6 3.9340746624305 1.810754604872252 0
7 10.996822875297855 1.7834224598930482 0
6 5.235107227958697 1.7629233511586453 0
5 9.04527402700556 1.7560903149138445 0
7 1.1048451151707703 1.7560903149138445 0
6 14.837966640190627 1.7424242424242424 0
6 12.91739475774424 1.7424242424242424 0
6 14.404289118347895 1.694592988710636 0
6 8.580619539316919 1.674093879976233 0
6 7.124702144559174 1.660427807486631 0
6 6.660047656870532 1.6194295900178255 0
7 16.242255758538523 1.6125965537730245 0
6 12.39078633836378 1.6125965537730245 0
7 13.815726767275615 1.5715983363042187 0
6 11.9054805401112 1.5647653000594177 0
7 2.81890389197776 1.557932263814617 0
6 6.133439237490071 1.5510992275698159 0
8 1.7347100873709291 1.5442661913250149 0
6 15.19936457505957 1.537433155080214 0
6 8.002382843526608 1.523767082590612 0
6 13.278792692613184 1.5101010101010102 0
5 11.451151707704527 1.5032679738562091 0
6 7.517077045274027 1.5032679738562091 0
6 3.6346306592533755 1.4964349376114083 0
6 12.690230341540905 1.4759358288770055 0
6 5.586179507545671 1.4622697563874034 0
6 2.147736298649722 1.4212715389185977 0
7 10.749007148530579 1.3802733214497922 0
5 0.5472597299444003 1.3734402852049912 0
6 14.559173947577442 1.3666072489601901 0
6 8.859412231930103 1.3666072489601901 0
6 14.053216838760921 1.3051099227569816 0
7 10.18109610802224 1.3051099227569816 0
6 4.51231135822081 1.277777777777778 0
6 8.322478157267673 1.243612596553773 0
6 2.519459888800635 1.2231134878193701 0
7 11.647339158061953 1.2094474153297683 0
8 15.880857823669578 1.1957813428401665 0
4 14.848292295472596 1.1957813428401665 0
6 7.826846703733121 1.141117052881759 0
6 1.7347100873709291 1.141117052881759 0
6 12.96902303415409 1.113784907902555 0
5 1.3836378077839555 1.106951871657754 0
7 11.100079428117553 1.0932857991681522 0
5 5.957903097696584 1.0864527629233511 0
6 3.4590945194598888 1.0727866904337493 0
6 7.393169181890389 1.0659536541889483 0
6 12.566322478157266 1.0591206179441475 0
6 5.503574265289912 1.0386215092097446 0
8 10.563145353455123 0.983957219251337 0
6 2.994440031771247 0.9634581105169341 0
6 11.9054805401112 0.9497920380273321 0
7 16.33518665607625 0.9087938205585265 0
6 9.933280381254963 0.9019607843137255 0
5 0.7950754567116759 0.8882947118241237 0
8 15.405877680698966 0.847296494355318 0
6 11.420174741858617 0.8199643493761142 0
7 9.540905480540111 0.8199643493761142 0
6 7.599682287529785 0.8199643493761142 0
6 2.385226370135028 0.8131313131313131 0
6 13.474980142970612 0.7721330956625074 0
6 5.121525019857029 0.7653000594177065 0
6 8.98332009531374 0.7106357694592988 0
6 7.073073868149325 0.696969696969697 0
6 3.2525814138204923 0.696969696969697 0
7 14.724384432088959 0.6833036244800951 0
7 10.945194598888007 0.6833036244800951 0
6 12.96902303415409 0.6764705882352942 0
6 4.563939634630659 0.6559714795008913 0
6 8.508339952343128 0.6354723707664884 0
6 15.684670373312152 0.5944741532976827 0
6 10.459888800635424 0.5944741532976827 0
5 4.130262112787927 0.5944741532976827 0
7 12.39078633836378 0.553475935828877 0
6 6.040508339952343 0.5466428995840761 0
7 13.764098490865766 0.5329768270944741 0
6 7.950754567116759 0.5329768270944741 0
6 9.840349483717235 0.5193107546048723 0
6 16.22160444797458 0.5056446821152704 0
7 11.688641779189833 0.5056446821152704 0
6 16.92374900714853 0.4919786096256685 0
5 11.420174741858617 0.4783125371360666 0
5 13.165210484511517 0.46464646464646464 0
6 3.593328038125496 0.46464646464646464 0
6 9.489277204130262 0.44414735591206184 0
5 12.700555996822875 0.416815210932858 0
6 7.465448768864178 0.416815210932858 0
6 14.280381254964256 0.38265002970885326 0
7 10.77998411437649 0.36898395721925137 0
6 5.08022239872915 0.3621509209744504 0
6 3.0563939634630657 0.3621509209744504 0
6 6.969817315329626 0.3484848484848485 0
5 2.591739475774424 0.32798573975044565 0
5 11.420174741858617 8.295306001188354 0
6 12.308181096108022 8.281639928698752 0
6 16.159650516282763 8.274806892453952 0
6 8.095313741064336 8.12448009506833 0
6 6.19539316918189 8.11081402257873 0
6 13.216838760921366 8.090314913844326 0
5 9.427323272438443 8.062982768865123 0
6 11.27561556791104 8.04931669637552 0
5 1.3836378077839555 7.878490790255497 0
7 2.715647339158062 7.8443256090314915 0
5 10.305003971405878 7.823826500297089 0
6 3.94440031771247 7.769162210338681 0
4 6.432883240667196 7.605169340463458 0
6 11.544082605242256 7.413844325609032 0
6 7.7958697378872115 7.331847890671421 0
6 9.148530579825257 7.249851455733809 0
6 0.9499602859412232 7.174688057040998 0
6 16.004765687053215 6.887700534759358 0
5 10.325655281969818 6.819370172311349 0
6 7.930103256552819 6.7032085561497325 0
6 4.130262112787927 6.68270944741533 0
6 5.544876886417792 6.587046939988117 0
5 10.945194598888007 6.423054070112894 0
6 8.312152501985702 6.409387997623292 0
6 0.6608419380460683 6.409387997623292 0
6 16.696584590945193 6.375222816399288 0
7 11.513105639396345 6.375222816399288 0
6 9.63383637807784 6.313725490196079 0
6 2.034154090548054 6.293226381461676 0
6 10.604447974583001 6.136066547831254 0
7 8.673550436854645 6.101901366607249 0
6 15.22001588562351 6.047237076648842 0
6 13.237490071485306 6.026737967914439 0
6 7.599682287529785 5.951574569221628 0
6 14.6417791898332 5.910576351752822 0
6 12.793486894360603 5.903743315508022 0
4 9.293089753772835 5.890077243018419 0
6 8.952343129467831 5.8695781342840165 0
7 7.042096902303415 5.855912061794415 0
5 0.4956314535345512 5.828579916815211 0
6 2.3439237490071485 5.664587046939989 0
6 9.840349483717235 5.650920974450386 0
6 4.171564733915806 5.623588829471183 0
6 8.260524225575853 5.39126559714795 0
6 5.8546465448768865 5.281937017231135 0
7 3.892772041302621 5.220439691027926 0
6 1.3939634630659252 5.17260843731432 0
6 2.2096902303415407 5.049613784907903 0
6 9.5099285146942 4.974450386215092 0
6 3.231930103256553 4.96078431372549 0
6 16.624305003971404 4.9402852049910875 0
6 5.741064336775218 4.755793226381462 0
7 2.2819698173153293 4.714795008912656 0
6 15.116759332803811 4.66696375519905 0
6 7.961080222398729 4.660130718954249 0
5 3.314535345512311 4.646464646464647 0
6 1.4352660841938045 4.639631610219846 0
5 4.171564733915806 4.605466428995841 0
6 13.165210484511517 4.578134284016637 0
6 7.475774424146147 4.550802139037433 0
6 14.528196981731533 4.489304812834225 0
6 3.892772041302621 4.427807486631016 0
7 6.887212073073868 4.3936423054070115 0
6 13.051628276409849 4.270647653000594 0
4 6.536139793486894 4.161319073083779 0
8 2.27164416203336 4.113487819370173 0
6 5.348689436060365 4.09298871063577 0
6 3.0563939634630657 3.928995840760547 0
6 4.398729150119142 3.901663695781343 0
6 0.8570293884034949 3.8196672608437314 0
6 12.339158061953931 3.7445038621509212 0
6 6.546465448768864 3.621509209744504 0
6 6.102462271644161 3.587344028520499 0
6 1.631453534551231 3.5531788472964947 0
5 5.111199364575059 3.5190136660724898 0
6 16.521048451151707 3.5053475935828877 0
6 14.621127879269261 3.5053475935828877 0
5 3.6243050039714055 3.498514557338087 0
6 8.859412231930103 3.457516339869281 0
6 4.450357426528991 3.4233511586452763 0
6 6.401906274821286 3.3755199049316698 0
5 2.6227164416203337 3.368686868686869 0
5 1.5694996028594121 3.2661913250148547 0
4 0.39237490071485304 3.2320261437908497 0
7 2.385226370135028 3.0885323826500297 0
6 12.555996822875297 3.068033273915627 0
6 4.894360603653693 2.972370766488414 0
5 0.4336775218427323 2.8767082590612003 0
4 3.0667196187450356 2.8698752228163995 0
4 8.735504368546465 2.8562091503267975 0
6 3.345512311358221 2.7605466428995844 0
7 2.2096902303415407 2.7195484254307787 0
5 1.4559173947577442 2.7195484254307787 0
6 9.922954725972994 2.5692216280451574 0
5 1.2907069102462272 2.4598930481283423 0
6 6.969817315329626 2.3642305407011293 0
5 2.756949960285941 2.3437314319667264 0
8 0.505957108816521 2.336898395721925 0
6 6.474185861795076 2.2685680332739158 0
6 4.55361397934869 2.2685680332739158 0
6 6.009531374106434 2.1729055258467023 0
6 4.057982525814138 2.1729055258467023 0
6 16.90309769658459 2.1524064171122994 0
6 3.5830023828435262 2.063576945929887 0
6 6.2883240667196185 1.947415329768271 0
6 10.108816521048452 1.9064171122994653 0
5 16.76886417791898 1.8449197860962567 0
5 2.746624305003971 1.8244206773618539 0
7 2.199364575059571 1.7697563874034463 0
7 3.3042096902303415 1.7082590612002377 0
6 10.439237490071484 1.6877599524658349 0
6 15.725972994440031 1.6535947712418302 0
6 4.749801429706116 1.6194295900178255 0
4 0.733121525019857 1.6194295900178255 0
6 4.192216044479745 1.5169340463458112 0
7 1.12549642573471 1.393939393939394 0
5 11.131056393963462 1.3666072489601901 0
6 5.03891977760127 1.3529411764705883 0
6 3.1286735504368544 1.3461081402257873 0
6 6.9285146942017475 1.3256090314913844 0
6 16.448768864177918 1.2982768865121808 0
7 9.447974583002383 1.2982768865121808 0
6 12.163621922160445 1.2846108140225787 0
6 15.385226370135028 1.257278669043375 0
6 6.463860206513106 1.2162804515745693 0
6 3.9857029388403493 1.2026143790849675 0
6 13.53693407466243 1.1957813428401665 0
4 2.147736298649722 1.120617944147356 0
6 8.570293884034948 0.9907902554961379 0
6 4.8117553613979345 0.983957219251337 0
6 13.960285941223193 0.9087938205585265 0
6 8.198570293884034 0.9087938205585265 0
6 4.233518665607625 0.9087938205585265 0
7 0.3717235901509134 0.8951277480689246 0
5 15.880857823669578 0.8814616755793226 0
6 3.7688641779189833 0.7994652406417113 0
4 16.015091342335186 0.7448009506833037 0
9 1.8276409849086577 0.6696375519904932 0
6 16.572676727561557 0.6559714795008913 0
6 2.7879269261318504 0.6354723707664884 0
6 6.556791104050833 0.6149732620320856 0
6 0.4749801429706116 0.5944741532976827 0
6 15.17871326449563 0.5398098633392752 0
5 5.544876886417792 0.49881164587046944 0
7 1.1771247021445592 0.4031491384432561 0
8 8.921366163621922 0.3348187759952466 0
6 11.20333598093725 0.25965537730243615 0
5 16.108022239872913 0.2528223410576352 0
4 6.329626687847497 8.349970291146763 0
5 2.4988085782366958 8.33630421865716 0
6 4.822081016679904 8.240641711229946 0
6 13.826052422557584 8.233808674985147 0
6 15.622716441620334 8.226975638740345 0
6 3.706910246227164 8.035650623885918 0
5 4.305798252581414 7.68716577540107 0
6 3.552025416997617 7.598336304218657 0
5 9.644162033359809 7.32501485442662 0
6 1.466243050039714 5.45959595959596 0
7 1.011914217633042 5.329768270944742 0
5 3.490071485305798 5.165775401069519 0
4 5.730738681493248 5.022281639928699 0
4 1.8689436060365368 4.67379679144385 0
7 6.123113582208101 4.660130718954249 0
6 0.9912629070691024 4.496137849079026 0
7 2.4678316123907864 4.427807486631016 0
6 1.858617950754567 4.154486036838978 0
4 2.6640190627482125 4.017825311942959 0
7 2.1167593328038126 3.80600118835413 0
5 2.9634630659253376 3.191027926322044 0
5 9.58220810166799 1.8790849673202614 0
5 1.5901509134233518 1.8244206773618539 0
6 9.974583002382843 1.5715983363042187 0
5 9.799046862589357 1.1684491978609626 0
5 0.8570293884034949 1.1684491978609626 0
6 9.10722795869738 1.0659536541889483 0
6 14.404289118347895 1.0522875816993464 0
6 6.814932486100079 0.9907902554961379 0
6 6.319301032565528 0.9019607843137255 0
6 5.741064336775218 0.7926322043969103 0
7 1.2597299444003176 0.7243018419489008 0
5 14.249404289118347 0.6833036244800951 0
5 2.27164416203336 0.5398098633392752 0
6 1.6004765687053215 0.3348187759952466 0
6 15.612390786338363 0.3074866310160428 0
6 10.212073073868149 0.30065359477124187 0
7 14.796664019062748 0.280154486036839 0
5 3.9650516282764094 0.27332144979203804 0
