7 0.36563436563436563 2.8618618618618616 0
7 1.921078921078921 2.858858858858859 0
7 2.5144855144855143 2.855855855855856 0
6 1.3006993006993006 2.810810810810811 0
6 0.6953046953046953 2.720720720720721 0
5 1.6423576423576423 2.6756756756756754 0
6 2.8471528471528473 2.6576576576576576 0
7 0.08691308691308691 2.6396396396396398 0
6 1.036963036963037 2.5795795795795797 0
7 2.2177822177822177 2.5255255255255253 0
6 0.4165834165834166 2.4984984984984986 0
6 1.8101898101898102 2.4444444444444446 0
7 1.3936063936063936 2.4324324324324325 0
6 0.7492507492507493 2.3483483483483485 0
5 0.14085914085914086 2.2732732732732734 0
6 2.901098901098901 2.27027027027027 0
5 1.0819180819180818 2.234234234234234 0
6 0.47352647352647353 2.129129129129129 0
6 2.052947052947053 2.1171171171171173 0
6 2.6373626373626373 2.069069069069069 0
7 1.6123876123876124 2.03003003003003 0
6 0.7972027972027972 1.9759759759759759 0
6 0.1888111888111888 1.9039039039039038 0
8 2.2987012987012987 1.8048048048048049 0
8 1.2107892107892109 1.7807807807807807 0
6 0.5184815184815185 1.7777777777777777 0
6 2.7122877122877123 1.6816816816816818 0
6 1.6273726273726274 1.6036036036036037 0
5 1.936063936063936 1.4984984984984986 0
7 0.2217782217782218 1.4804804804804805 0
6 1.060939060939061 1.4054054054054055 0
7 0.6203796203796204 1.3783783783783783 0
6 2.295704295704296 1.2942942942942943 0
8 2.739260739260739 1.2792792792792793 0
6 1.6993006993006994 1.2612612612612613 0
5 1.3576423576423577 1.048048048048048 0
6 0.9170829170829171 1.027027027027027 0
5 0.12887112887112886 1.024024024024024 0
5 2.8171828171828173 0.9369369369369369 0
7 0.5214785214785215 0.9159159159159159 0
6 2.5354645354645355 0.9039039039039038 0
6 2.154845154845155 0.8468468468468469 0
7 1.7802197802197801 0.7597597597597597 0
5 0.8151848151848152 0.7387387387387387 0
6 0.19480519480519481 0.6666666666666666 0
7 1.12987012987013 0.6426426426426426 0
7 2.838161838161838 0.5915915915915916 0
6 0.5274725274725275 0.5435435435435435 0
7 2.4095904095904097 0.46546546546546547 0
6 1.4535464535464535 0.44744744744744747 0
6 0.8661338661338661 0.3813813813813814 0
6 1.8161838161838162 0.3303303303303303 0
8 0.2517482517482518 0.2912912912912913 0
6 1.1838161838161838 0.23423423423423423 0
6 2.115884115884116 0.17117117117117117 0
7 0.5814185814185814 0.15015015015015015 0
6 1.5254745254745254 0.1021021021021021 0
7 2.5294705294705295 0.06606606606606606 0
6 2.5924075924075924 2.4114114114114114 0
5 2.364635364635365 2.219219219219219 0
4 1.3246753246753247 2.075075075075075 0
5 1.9000999000999002 1.8198198198198199 0
5 0.8391608391608392 1.6516516516516517 0
4 2.4575424575424574 1.5315315315315314 0
5 1.3846153846153846 1.3963963963963963 0
5 0.37162837162837165 1.2042042042042043 0
6 1.99000999000999 1.135135135135135 0
4 1.6303696303696305 0.990990990990991 0
5 1.4625374625374625 0.7627627627627628 0
5 2.076923076923077 0.5165165165165165 0
4 2.67032967032967 0.3303303303303303 0
