5 0.041 2.73 0
4 0.102 1.391 0
4 0.127 0.875 0
4 0.138 1.832 0
5 0.164 0.343 0
4 0.219 3.867 0
4 0.228 3.449 0
5 0.259 2.913 0
7 0.368 2.315 0
6 0.53 1.687 0
6 0.555 1.153 0
6 0.568 0.65 0
4 0.634 0.122 0
6 0.647 3.719 0
7 0.689 3.23 0
6 0.735 2.754 0
4 0.802 3.926 0
6 0.952 1.974 0
6 0.981 1.466 0
5 1.004 2.425 0
6 1.021 0.94 0
6 1.052 0.431 0
6 1.096 3.465 0
4 1.124 0.035 0
5 1.185 3.872 0
8 1.267 2.936 0
7 1.367 1.782 0
6 1.382 2.351 0
6 1.456 1.304 0
6 1.495 0.721 0
5 1.546 0.225 0
7 1.604 3.536 0
4 1.684 4.005 0
6 1.799 2.596 0
6 1.847 2.083 0
5 1.861 3.068 0
6 1.88 1.564 0
6 1.921 1.026 0
6 1.975 0.496 0
4 2.072 3.912 0
7 2.113 3.406 0
6 2.252 2.811 0
6 2.267 2.384 0
6 2.323 1.85 0
6 2.365 1.356 0
6 2.405 0.882 0
5 2.414 0.282 0
5 2.619 3.719 0
6 2.664 3.17 0
6 2.698 2.662 0
6 2.729 2.146 0
6 2.797 1.645 0
6 2.818 1.109 0
8 2.857 0.603 0
5 2.911 0.116 0
4 3.012 3.954 0
6 3.077 3.475 0
7 3.093 2.993 0
7 3.211 1.951 0
8 3.215 2.457 0
6 3.26 1.436 0
7 3.294 0.921 0
4 3.305 0.007 0
4 3.324 0.274 0
7 3.331 0.447 0
4 3.508 3.79 0
6 3.512 3.283 0
4 3.539 2.282 0
4 3.594 2.669 0
5 3.629 2.876 0
5 3.699 1.745 0
4 3.72 1.21 0
5 3.743 2.226 0
4 3.764 0.16 0
5 3.771 0.664 0
4 3.885 3.591 0
