5 0.75911 0.6165499999999999 0
7 0.7113071428571428 0.6135642857142856 0
9 0.95104119208 0.601236734859 0
6 0.6165499999999999 0.6065583333333333 0
6 1.0162166666666665 0.6032583333333335 0
6 0.5267166666666667 0.6038083333333334 0
6 0.4404583333333333 0.6018833333333334 0
6 0.35273333333333323 0.598675 0
6 0.26629166666666665 0.5963833333333334 0
6 0.17654999999999998 0.5946416666666665 0
6 0.09166666666666667 0.594 0
7 0.7975785714285714 0.5883428571428572 0
6 0.6621083333333334 0.5866666666666666 0
6 0.8853166666666665 0.5849249999999999 0
6 0.7407583333333334 0.5771333333333334 0
6 0.5719083333333334 0.5786 0
6 0.4827166666666667 0.5764916666666665 0
6 0.3947166666666667 0.5745666666666666 0
6 0.13255 0.5709916666666666 0
5 0.84425 0.5734299999999999 0
6 0.3105666666666667 0.5720916666666666 0
6 0.22302499999999997 0.5696166666666665 0
5 0.6988299999999998 0.56639 0
5 0.989925907327 0.565648775774 0
6 0.04583333333333334 0.5657666666666665 0
6 0.6159999999999999 0.5564166666666667 0
7 1.0406785714285713 0.5569928571428571 0
6 0.4385333333333333 0.5521999999999999 0
6 0.5258 0.5522916666666667 0
6 0.35658333333333325 0.548625 0
6 0.2671166666666666 0.5465166666666667 0
6 0.08790833333333332 0.5433083333333333 0
6 0.17700833333333335 0.542575 0
5 0.909625907327 0.535398775774 0
6 0.8659749999999999 0.5375333333333333 0
6 0.8240833333333335 0.5365249999999999 0
6 0.7700916666666665 0.5324 0
7 0.6655 0.52965 0
6 0.5700749999999999 0.527725 0
6 0.4833583333333332 0.5264416666666667 0
6 0.7197666666666666 0.5268083333333332 0
6 0.3949 0.5241499999999999 0
6 0.311575 0.5214916666666667 0
6 0.22247499999999998 0.5195666666666667 0
6 0.13181666666666667 0.5169083333333333 0
7 0.985232790948 0.519927696982 0
6 0.045283333333333335 0.5155333333333332 0
6 1.045275 0.5055416666666667 0
6 0.5278166666666666 0.5031583333333333 0
6 0.6156333333333334 0.5034333333333333 0
6 0.35520833333333324 0.49949166666666667 0
6 0.44165 0.49949166666666667 0
5 0.8881399999999999 0.49786 0
6 0.26693333333333336 0.49490833333333323 0
6 0.8469083333333334 0.4928916666666667 0
6 0.17654999999999998 0.4916083333333333 0
6 0.08974166666666668 0.4912416666666667 0
6 0.7967666666666665 0.4887666666666667 0
6 0.7434166666666665 0.4863833333333333 0
7 0.938797076662 0.489441982696 0
6 0.6964833333333333 0.48445833333333327 0
5 0.6531799999999999 0.48114 0
6 0.5724583333333334 0.47703333333333325 0
6 0.4862 0.47602500000000003 0
5 1.0205799999999998 0.46563 0
6 0.3098333333333333 0.47034166666666666 0
6 0.39783333333333326 0.4711666666666667 0
6 0.22284166666666666 0.46786666666666665 0
6 0.13181666666666667 0.46548333333333325 0
7 0.045375 0.46401666666666663 0
6 0.6170083333333334 0.45402499999999996 0
6 0.5309333333333333 0.451275 0
6 0.44265833333333326 0.4481583333333333 0
8 0.8834375 0.44515625 0
6 0.3534666666666667 0.44641666666666663 0
6 0.8232583333333334 0.4444916666666667 0
6 0.7227916666666665 0.443025 0
6 0.26555833333333334 0.4433916666666667 0
6 0.09386666666666668 0.44128333333333325 0
6 0.7733916666666666 0.44210833333333327 0
6 0.17728333333333335 0.4409166666666667 0
8 0.66721875 0.4313375 0
7 0.9420714285714284 0.4294714285714286 0
6 0.5757583333333334 0.42725833333333324 0
6 0.48711666666666664 0.4242333333333333 0
6 0.39709999999999995 0.4213916666666667 0
6 0.22064166666666662 0.417725 0
7 1.0033571428571428 0.41344285714285717 0
6 0.30955833333333327 0.4186416666666667 0
6 0.13401666666666667 0.41635 0
6 0.046016666666666664 0.4125916666666667 0
7 1.045942857142857 0.40590000000000004 0
6 0.8514916666666664 0.40461666666666674 0
6 0.6190249999999999 0.40424999999999994 0
4 0.9138249999999999 0.406175 0
5 0.7491 0.4048 0
6 0.5319416666666668 0.39985 0
6 0.7058333333333333 0.3974666666666667 0
6 0.3526416666666667 0.3960916666666667 0
6 0.44055 0.39673333333333327 0
7 0.7975785714285714 0.3919142857142857 0
6 0.26565 0.39215 0
6 0.17682499999999998 0.39068333333333327 0
6 0.09065833333333331 0.38885 0
5 0.88737 0.37741 0
6 0.6610083333333334 0.3783083333333333 0
6 0.576675 0.37610833333333327 0
7 0.9376714285714286 0.3693642857142857 0
6 0.4851 0.3735416666666667 0
6 0.3970083333333333 0.3718 0
6 0.3089166666666667 0.3678583333333333 0
5 0.9970399999999999 0.37136 0
5 0.6936599999999999 0.35914999999999997 0
6 0.22284166666666666 0.366025 0
6 0.13255 0.3637333333333333 0
7 0.7457214285714285 0.3596214285714286 0
6 0.046475 0.3617166666666667 0
6 0.84425 0.3593333333333333 0
8 1.038125 0.35667499999999996 0
6 0.6181083333333334 0.3516333333333333 0
6 0.5309333333333333 0.3501666666666667 0
6 0.44229166666666664 0.348425 0
6 0.3532833333333333 0.34402499999999997 0
6 0.26574166666666665 0.3420083333333333 0
6 0.179025 0.34035833333333326 0
6 0.08955833333333332 0.3394416666666667 0
6 0.7981416666666665 0.33467499999999994 0
7 0.8888785714285714 0.3302357142857143 0
6 0.98065 0.32889999999999997 0
6 0.5731916666666665 0.32642499999999997 0
6 0.4865666666666667 0.32376666666666665 0
6 0.6655916666666666 0.3255083333333333 0
5 0.83765 0.31756999999999996 0
6 0.3961833333333333 0.31863333333333327 0
6 0.31120833333333325 0.317075 0
6 0.223575 0.31560833333333327 0
6 0.1349333333333333 0.31405 0
7 0.044641666666666656 0.3135 0
7 0.7094214285714285 0.3091 0
5 0.75933 0.30998000000000003 0
6 0.6180166666666665 0.3013083333333333 0
5 1.0604 0.30173 0
6 0.5286416666666667 0.2981916666666667 0
6 0.4404583333333333 0.2958083333333333 0
6 0.35245833333333326 0.2937916666666667 0
6 0.17994166666666664 0.28948333333333326 0
6 0.26876666666666665 0.2905833333333333 0
6 1.0160333333333333 0.2896666666666667 0
6 0.09019999999999999 0.2871 0
7 0.9635214285714285 0.27633571428571424 0
6 0.8591 0.27958333333333335 0
6 0.6647666666666665 0.2772916666666666 0
8 0.7992874999999999 0.27603125 0
6 0.9100666666666666 0.27765833333333334 0
5 0.74624 0.27379 0
6 0.5707166666666665 0.27417499999999995 0
6 0.39783333333333326 0.27069166666666666 0
6 0.312125 0.26940833333333336 0
6 0.48427499999999996 0.27188333333333337 0
6 0.22339166666666666 0.2639083333333333 0
6 0.047025 0.26088333333333336 0
6 0.13190833333333332 0.26088333333333336 0
8 1.0525428571428572 0.24789285714285714 0
6 0.7076666666666666 0.25098333333333334 0
6 0.6174666666666665 0.25025 0
6 0.5293749999999999 0.24841666666666665 0
6 0.44082499999999997 0.24557499999999996 0
5 1.0028700000000002 0.24453 0
6 0.35419999999999996 0.24300833333333335 0
6 0.26647499999999996 0.23998333333333335 0
5 0.8402899999999999 0.23969000000000001 0
6 0.17838333333333334 0.23686666666666664 0
5 0.9266399999999999 0.23683 0
6 0.08900833333333333 0.23356666666666662 0
6 0.8834833333333334 0.232925 0
7 0.7560928571428571 0.2257357142857143 0
6 0.5712666666666666 0.22559166666666663 0
6 0.6624749999999999 0.22549999999999998 0
6 0.4862916666666667 0.22174166666666664 0
6 0.39517499999999994 0.21917499999999998 0
6 0.9665333333333332 0.21844166666666665 0
5 0.80542 0.22044000000000002 0
6 0.3111166666666667 0.21587499999999998 0
6 0.1338333333333333 0.21138333333333334 0
6 0.22183333333333333 0.212025 0
6 0.04500833333333333 0.20808333333333334 0
6 0.705375 0.20038333333333336 0
5 1.06392 0.19778 0
6 0.8488333333333333 0.19735833333333336 0
6 0.617925 0.19919166666666663 0
6 0.5304749999999999 0.19809166666666664 0
7 1.0161642857142854 0.19619285714285714 0
6 0.44293333333333323 0.19405833333333333 0
6 0.35309999999999997 0.19029999999999997 0
6 0.26693333333333336 0.18846666666666662 0
7 0.9170071428571427 0.18684285714285714 0
6 0.17765 0.18635833333333335 0
6 0.09001666666666666 0.18415833333333334 0
6 0.6614666666666665 0.17618333333333333 0
5 0.7417299999999999 0.17589 0
5 0.96921 0.17346999999999996 0
7 0.7906642857142856 0.17262142857142856 0
6 0.5752999999999999 0.17352499999999998 0
6 0.48839999999999995 0.17049999999999998 0
6 0.3992083333333333 0.16701666666666665 0
6 0.3113916666666667 0.16435833333333333 0
6 0.13575833333333331 0.16234166666666663 0
6 0.22302499999999997 0.16224999999999998 0
6 0.04244166666666666 0.15931666666666663 0
6 0.70455 0.151525 0
6 0.6190249999999999 0.14804166666666663 0
6 0.5318499999999999 0.14620833333333333 0
5 1.00056 0.14564 0
6 0.4455 0.14290833333333336 0
6 0.35493333333333327 0.13951666666666668 0
6 0.26629166666666665 0.13832499999999998 0
6 0.8366416666666666 0.1323666666666667 0
6 0.17920833333333336 0.13548333333333332 0
6 0.08818333333333331 0.13511666666666666 0
5 0.8941899999999998 0.12550999999999998 0
6 0.7495583333333334 0.130075 0
7 0.9493 0.12500714285714284 0
5 0.7912299999999999 0.121 0
6 0.66275 0.123475 0
6 0.5756666666666665 0.12173333333333332 0
6 0.48702499999999993 0.12035833333333332 0
6 0.40058333333333324 0.11715 0
6 0.0429 0.11348333333333331 0
6 0.22210833333333335 0.11256666666666668 0
6 0.31175833333333325 0.11284166666666666 0
6 0.13511666666666666 0.11055 0
6 0.7095 0.10064999999999999 0
6 0.6190249999999999 0.09734999999999999 0
6 1.0044833333333334 0.09304166666666666 0
6 0.4456833333333333 0.093775 0
6 0.5305666666666667 0.09395833333333332 0
6 0.35585 0.09010833333333332 0
6 0.17838333333333334 0.087725 0
5 0.91135 0.08843999999999999 0
6 0.088825 0.08644166666666667 0
6 0.26702499999999996 0.08708333333333332 0
6 0.8672583333333334 0.0847 0
6 0.8144583333333333 0.08350833333333332 0
7 0.75955 0.08092857142857142 0
6 0.4873916666666667 0.0715 0
6 0.6654083333333334 0.07305833333333331 0
6 0.5745666666666666 0.07085833333333333 0
4 1.0418375 0.0710875 0
6 0.9516833333333334 0.06655 0
6 0.4000333333333333 0.06535833333333332 0
6 0.3114833333333333 0.06086666666666666 0
7 0.22542142857142858 0.05602142857142857 0
6 0.13209166666666666 0.05866666666666666 0
6 0.7091333333333334 0.05078333333333333 0
5 0.99407 0.047189999999999996 0
6 0.6210416666666665 0.04656666666666666 0
6 0.5313 0.04500833333333333 0
5 0.79112 0.04356 0
7 0.44384999999999997 0.04198333333333333 0
7 0.894575 0.043633333333333336 0
7 0.26684166666666664 0.03703333333333333 0
5 0.9360999999999999 0.31778999999999996 0
4 0.958554536637 0.555918878872 0
