7 35.84416203335981 4.6575 0
6 46.79110405083399 4.642166666666666 0
7 6.289594916600476 4.642166666666666 0
7 2.2416203335980933 4.638333333333333 0
7 13.3626687847498 4.626833333333333 0
7 42.83018268467037 4.622999999999999 0
6 31.60031771247021 4.622999999999999 0
7 34.821286735504366 4.615333333333333 0
7 53.49420174741858 4.607666666666667 0
7 50.49086576648133 4.607666666666667 0
6 10.53343923749007 4.607666666666667 0
7 5.244956314535345 4.603833333333333 0
9 23.1561556791104 4.592333333333333 0
7 1.3057982525814136 4.5885 0
6 20.566322478157264 4.569333333333333 0
7 4.113264495631453 4.553999999999999 0
6 60.41493248610007 4.546333333333333 0
7 14.559650516282762 4.546333333333333 0
6 33.6243050039714 4.534833333333333 0
7 17.802382843526605 4.534833333333333 0
6 55.43113582208101 4.527166666666666 0
5 37.67227958697379 4.527166666666666 0
6 63.61413820492454 4.523333333333333 0
6 44.484193804606825 4.515666666666666 0
7 30.57744241461477 4.515666666666666 0
6 59.50087370929308 4.500333333333333 0
6 43.483081810961075 4.488833333333333 0
6 40.632088959491654 4.488833333333333 0
6 32.62319301032565 4.4735 0
7 25.288959491660044 4.4735 0
6 10.032883240667195 4.462 0
6 62.50420969023033 4.458166666666666 0
6 54.40826052422557 4.458166666666666 0
6 47.552819698173145 4.458166666666666 0
6 51.25258141382049 4.4543333333333335 0
7 49.51151707704527 4.4505 0
5 39.435107227958696 4.4505 0
6 58.49976171564733 4.446666666666666 0
6 29.032247815726762 4.442833333333333 0
5 7.094837172359014 4.431333333333333 0
7 1.9586973788721205 4.423666666666667 0
6 61.35075456711675 4.419833333333333 0
5 27.79173947577442 4.419833333333333 0
5 3.1339158061953927 4.419833333333333 0
6 6.093725178713264 4.4159999999999995 0
5 38.3034154090548 4.412166666666667 0
7 46.399364575059565 4.408333333333333 0
6 8.944718030182683 4.396833333333333 0
6 26.507704527402698 4.393 0
6 5.005559968228752 4.389166666666666 0
6 37.4111199364575 4.377666666666666 0
7 13.754408260524224 4.373833333333333 0
6 11.773947577442414 4.373833333333333 0
6 7.791262907069101 4.37 0
5 57.302779984114366 4.362333333333333 0
6 60.19729944400317 4.354666666666667 0
6 53.25480540111199 4.354666666666667 0
6 3.7650516282764093 4.350833333333333 0
6 64.17998411437648 4.343166666666667 0
6 41.39380460683081 4.324 0
6 56.21461477362986 4.320166666666666 0
7 23.482605242255755 4.320166666666666 0
6 17.867672756155677 4.316333333333333 0
6 63.20063542494042 4.3125 0
6 45.37648927720412 4.3125 0
6 33.276092136616356 4.304833333333333 0
6 10.772835583796663 4.304833333333333 0
6 59.10913423351866 4.301 0
6 44.37537728355837 4.297166666666667 0
6 55.10468625893566 4.293333333333333 0
7 48.42335186656076 4.289499999999999 0
6 40.262112787926924 4.289499999999999 0
6 52.1231135822081 4.285666666666667 0
6 21.436854646544873 4.285666666666667 0
6 2.7421763304209685 4.281833333333333 0
6 51.18729150119142 4.278 0
6 32.2967434471803 4.278 0
6 9.662907069102461 4.262666666666666 0
6 61.981890389197766 4.2588333333333335 0
6 58.02096902303415 4.232 0
7 12.753296266878474 4.232 0
6 39.15218427323272 4.228166666666667 0
7 30.882128673550433 4.224333333333333 0
6 54.016521048451146 4.2204999999999995 0
6 35.08244638602065 4.2204999999999995 0
6 25.463065925337567 4.2204999999999995 0
7 16.017791898332007 4.2204999999999995 0
7 49.88149324861 4.212833333333333 0
6 47.335186656076246 4.212833333333333 0
6 5.74551231135822 4.209 0
6 22.416203335980935 4.1975 0
6 34.14662430500397 4.193666666666666 0
6 38.06401906274821 4.182166666666666 0
7 29.423987291501188 4.178333333333333 0
7 20.34868943606036 4.178333333333333 0
6 11.53455123113582 4.178333333333333 0
6 60.980778395552015 4.1745 0
6 56.932803812549636 4.1745 0
6 46.20349483717235 4.1745 0
6 4.592057188244638 4.1706666666666665 0
7 27.269420174741857 4.166833333333333 0
7 18.95583796664019 4.159166666666667 0
7 7.508339952343128 4.155333333333333 0
6 51.99253375694995 4.132333333333333 0
5 42.0902303415409 4.1285 0
6 59.914376489277196 4.124666666666666 0
6 36.9758538522637 4.120833333333333 0
6 32.949642573471 4.117 0
6 10.48991262907069 4.113166666666666 0
6 3.5691818903891974 4.113166666666666 0
7 63.94058776806989 4.109333333333333 0
6 55.844638602065125 4.109333333333333 0
7 24.440190627482124 4.109333333333333 0
6 17.911199364575058 4.093999999999999 0
6 62.895949166004755 4.090166666666667 0
6 41.02382843526608 4.090166666666667 0
6 58.826211278792684 4.074833333333333 0
8 50.7737887212073 4.0633333333333335 0
6 21.436854646544873 4.0633333333333335 0
6 31.796187450357422 4.0595 0
6 39.91389992057188 4.055666666666666 0
6 54.66942017474185 4.048 0
6 43.98363780778395 4.048 0
5 35.670055599682286 4.048 0
6 9.314694201747418 4.0365 0
6 61.742494042891174 4.0249999999999995 0
6 42.786656076250985 4.0249999999999995 0
6 25.463065925337567 4.021166666666667 0
6 2.4157267672756153 4.021166666666667 0
6 46.85639396346306 4.0135 0
6 38.803971405877675 4.0135 0
6 57.781572676727556 4.009666666666666 0
6 34.84305003971406 4.009666666666666 0
6 53.6683081810961 3.9981666666666666 0
6 8.357108816521048 3.994333333333333 0
6 12.42684670373312 3.9905 0
6 1.3493248610007942 3.9905 0
6 5.353772835583796 3.9828333333333332 0
6 60.523749007148524 3.9789999999999996 0
6 41.720254169976165 3.9789999999999996 0
6 16.583637807783955 3.9751666666666665 0
6 49.6638602065131 3.971333333333333 0
6 45.85528196981731 3.9636666666666667 0
6 37.6287529785544 3.959833333333333 0
6 11.273391580619538 3.959833333333333 0
6 52.623669579030974 3.956 0
7 33.71135822081016 3.9483333333333333 0
6 22.416203335980935 3.9483333333333333 0
6 4.222081016679904 3.9483333333333333 0
6 56.541064336775214 3.9406666666666665 0
6 18.585861795075456 3.9406666666666665 0
7 14.385544082605241 3.9406666666666665 0
6 63.592374900714844 3.9291666666666663 0
6 36.69293089753772 3.9291666666666663 0
6 20.544559173947576 3.925333333333333 0
6 3.1339158061953927 3.9176666666666664 0
6 59.47911040508339 3.9138333333333333 0
6 40.67561556791104 3.9138333333333333 0
6 7.2471803018268455 3.9099999999999997 0
6 48.64098490865766 3.9061666666666666 0
6 44.59301032565528 3.9061666666666666 0
6 55.47466243050039 3.8946666666666663 0
6 32.60142970611596 3.8946666666666663 0
7 23.526131850675135 3.8869999999999996 0
5 27.50881652104845 3.8831666666666664 0
6 58.36918189038919 3.8793333333333333 0
6 51.4484511517077 3.8754999999999997 0
6 35.38713264495631 3.8754999999999997 0
6 13.145035742652897 3.8754999999999997 0
5 17.650039714058774 3.867833333333333 0
6 6.137251787132644 3.867833333333333 0
6 47.53105639396346 3.864 0
6 54.386497220015876 3.8524999999999996 0
6 43.61366163621921 3.8371666666666666 0
6 2.023987291501191 3.8371666666666666 0
6 57.34630659253375 3.833333333333333 0
6 31.51326449563145 3.833333333333333 0
6 64.26703733121525 3.8295 0
7 8.966481334392373 3.8179999999999996 0
6 30.446862589356627 3.8141666666666665 0
6 53.298332009531364 3.8064999999999998 0
6 39.54392374900714 3.8064999999999998 0
6 34.45131056393963 3.8026666666666666 0
7 25.658935663224778 3.798833333333333 0
6 8.052422557585384 3.798833333333333 0
6 42.52549642573471 3.787333333333333 0
6 61.41604447974582 3.7796666666666665 0
6 41.39380460683081 3.775833333333333 0
6 38.39046862589356 3.775833333333333 0
6 1.044638602065131 3.775833333333333 0
6 60.28435266084193 3.772 0
6 12.013343923749005 3.772 0
6 5.0273232724384425 3.772 0
7 16.627164416203335 3.7681666666666667 0
6 19.39110405083399 3.764333333333333 0
6 63.20063542494042 3.741333333333333 0
7 10.881652104845115 3.741333333333333 0
6 52.144876886417784 3.7375 0
7 49.51151707704527 3.7375 0
6 33.31961874503574 3.7336666666666662 0
5 18.477045274027002 3.7336666666666662 0
4 9.902303415409053 3.729833333333333 0
7 29.097537728355835 3.7183333333333333 0
6 3.9609213661636216 3.7183333333333333 0
6 56.27990468625893 3.7144999999999997 0
6 59.21795075456711 3.7106666666666666 0
6 48.37982525814137 3.695333333333333 0
6 32.2967434471803 3.695333333333333 0
6 13.950277998411435 3.6876666666666664 0
6 44.15774424146147 3.6838333333333333 0
7 27.72644956314535 3.6761666666666666 0
6 55.19173947577442 3.672333333333333 0
6 62.04718030182684 3.6685 0
7 50.96965845909451 3.6685 0
6 21.480381254964254 3.6646666666666663 0
6 36.36648133439237 3.6569999999999996 0
6 43.13486894360603 3.6531666666666665 0
6 39.06513105639396 3.6531666666666665 0
6 58.1297855440826 3.6493333333333333 0
6 12.840349483717235 3.6493333333333333 0
6 47.248133439237485 3.6454999999999997 0
5 3.0250992851469416 3.6454999999999997 0
6 54.03828435266084 3.637833333333333 0
6 31.121525019857025 3.634 0
6 35.14773629864972 3.626333333333333 0
6 5.810802223987291 3.626333333333333 0
6 1.8063542494042888 3.6109999999999998 0
6 23.352025416997613 3.6071666666666666 0
6 38.06401906274821 3.5995 0
6 57.04162033359809 3.5879999999999996 0
6 42.15552025416997 3.5879999999999996 0
6 4.6138204924543285 3.5879999999999996 0
6 34.0813343923749 3.580333333333333 0
6 11.621604447974581 3.580333333333333 0
5 26.616521048451148 3.5726666666666667 0
6 61.13312152501985 3.568833333333333 0
5 36.99761715647339 3.568833333333333 0
7 19.369340746624303 3.565 0
6 8.59650516282764 3.565 0
6 7.704209690230341 3.5573333333333332 0
6 3.5691818903891974 3.5496666666666665 0
6 45.09356632247815 3.545833333333333 0
6 55.844638602065125 3.5305 0
6 59.93613979348689 3.5266666666666664 0
5 16.735980937251785 3.5266666666666664 0
6 49.99030976965845 3.5151666666666666 0
6 40.9803018268467 3.5151666666666666 0
6 6.572517871326449 3.5151666666666666 0
7 14.646703733121523 3.5036666666666663 0
6 62.743606036536924 3.499833333333333 0
6 58.847974583002376 3.499833333333333 0
6 39.91389992057188 3.4883333333333333 0
6 61.87307386814932 3.4844999999999997 0
6 54.843526608419374 3.4806666666666666 0
6 57.629229547259726 3.476833333333333 0
6 35.84416203335981 3.476833333333333 0
6 43.91834789515488 3.4691666666666663 0
6 52.03606036536934 3.465333333333333 0
6 2.5463065925337567 3.465333333333333 0
7 29.228117553613977 3.4538333333333333 0
7 48.031612390786336 3.4499999999999997 0
6 38.78220810166798 3.4499999999999997 0
6 34.69070691024622 3.4461666666666666 0
6 19.478157267672753 3.4461666666666666 0
6 9.662907069102461 3.4385 0
7 32.01382049245432 3.4346666666666663 0
6 5.397299444003177 3.4346666666666663 0
7 53.71183478951548 3.4269999999999996 0
6 1.3928514694201746 3.4269999999999996 0
6 33.68959491660047 3.4116666666666666 0
6 42.7648927720413 3.407833333333333 0
6 28.009372517871324 3.4001666666666663 0
7 30.57744241461477 3.396333333333333 0
7 8.531215250198569 3.3924999999999996 0
6 4.374424146147736 3.381 0
7 12.557426528991261 3.3771666666666667 0
6 63.61413820492454 3.373333333333333 0
6 45.76822875297855 3.373333333333333 0
6 37.650516282764094 3.3465 0
6 52.623669579030974 3.335 0
7 49.18506751389992 3.335 0
6 3.3515488482922953 3.3273333333333333 0
6 62.525972994440025 3.3196666666666665 0
5 17.780619539316916 3.3196666666666665 0
6 7.355996822875297 3.312 0
7 13.689118347895153 3.2928333333333333 0
6 58.47799841143764 3.281333333333333 0
6 51.6660841938046 3.2736666666666663 0
5 36.71469420174741 3.2736666666666663 0
6 32.47084988085782 3.2736666666666663 0
6 57.34630659253375 3.269833333333333 0
6 6.267831612390785 3.269833333333333 0
6 46.50818109610802 3.2621666666666664 0
6 42.351389992057186 3.2621666666666664 0
6 39.6309769658459 3.2621666666666664 0
6 61.50309769658458 3.2506666666666666 0
7 28.90166799046862 3.246833333333333 0
6 54.47355043685464 3.243 0
6 35.56123907863383 3.243 0
7 50.316759332803805 3.2391666666666663 0
6 2.198093725178713 3.2391666666666663 0
6 38.47752184273232 3.2199999999999998 0
6 5.201429706115964 3.2199999999999998 0
7 64.354090548054 3.2046666666666663 0
6 30.62096902303415 3.2046666666666663 0
6 34.60365369340746 3.200833333333333 0
7 11.316918189038919 3.1969999999999996 0
6 41.37204130262112 3.1931666666666665 0
6 1.1316918189038918 3.1893333333333334 0
6 60.371405877680694 3.1854999999999998 0
6 53.36362192216044 3.177833333333333 0
6 45.37648927720412 3.1701666666666664 0
6 7.943606036536933 3.1701666666666664 0
6 52.10135027799841 3.166333333333333 0
7 48.27100873709293 3.1548333333333334 0
6 63.287688641779184 3.143333333333333 0
5 6.964257347100872 3.143333333333333 0
6 4.113264495631453 3.143333333333333 0
6 56.27990468625893 3.1356666666666664 0
6 15.713105639396344 3.1318333333333332 0
6 36.23590150913423 3.1241666666666665 0
6 59.28324066719618 3.108833333333333 0
6 40.28387609213661 3.108833333333333 0
6 62.17776012708498 3.105 0
6 51.25258141382049 3.1011666666666664 0
6 44.28832406671961 3.0934999999999997 0
6 14.603177124702142 3.082 0
5 5.810802223987291 3.082 0
6 55.16997617156473 3.0781666666666667 0
6 58.17331215250198 3.0705 0
6 43.15663224781572 3.0628333333333333 0
6 39.32629070691024 3.0628333333333333 0
6 47.11755361397934 3.0589999999999997 0
6 1.8716441620333595 3.0551666666666666 0
6 54.234154090548046 3.051333333333333 0
7 13.47148530579825 3.051333333333333 0
6 50.077362986497214 3.039833333333333 0
7 35.104209690230334 3.0321666666666665 0
7 29.57633042096902 3.0321666666666665 0
6 4.874980142970611 3.0321666666666665 0
6 38.25988880063542 3.0206666666666666 0
6 61.067831612390776 3.013 0
6 57.150436854646536 3.0091666666666663 0
6 9.075297855440825 3.005333333333333 0
6 42.0902303415409 3.0015 0
6 49.010961080222394 2.9938333333333333 0
6 33.86370135027799 2.9899999999999998 0
7 32.77553613979348 2.9899999999999998 0
6 53.10246227164416 2.982333333333333 0
7 12.035107227958695 2.9631666666666665 0
6 64.00587768069896 2.9593333333333334 0
5 9.641143764892771 2.9593333333333334 0
6 60.04495631453534 2.9516666666666667 0
6 44.94122319301032 2.9516666666666667 0
6 55.931691818903886 2.9401666666666664 0
7 10.642255758538521 2.9401666666666664 0
7 7.791262907069101 2.9363333333333332 0
6 47.90103256552819 2.9286666666666665 0
6 63.00476568705321 2.9171666666666667 0
6 51.90548054011119 2.9171666666666667 0
6 54.88705321683875 2.8941666666666666 0
6 43.91834789515488 2.890333333333333 0
6 58.93502779984114 2.8865 0
6 50.88260524225575 2.8865 0
7 39.957426528991256 2.8865 0
6 61.87307386814932 2.878833333333333 0
6 42.83018268467037 2.875 0
6 53.82065131056393 2.8673333333333333 0
6 38.7604447974583 2.8673333333333333 0
6 46.83463065925337 2.855833333333333 0
6 49.75091342335186 2.844333333333333 0
7 41.91612390786338 2.844333333333333 0
6 57.781572676727556 2.8405 0
6 60.78490865766481 2.8289999999999997 0
6 2.6333598093725175 2.8289999999999997 0
6 34.34249404289118 2.821333333333333 0
6 45.6594122319301 2.8136666666666663 0
7 37.650516282764094 2.8136666666666663 0
6 28.83637807783955 2.8136666666666663 0
7 13.232088959491659 2.806 0
6 56.86751389992057 2.8021666666666665 0
6 5.7237490071485295 2.8021666666666665 0
6 11.49102462271644 2.7983333333333333 0
6 4.396187450357426 2.7983333333333333 0
6 52.68895949166004 2.7791666666666663 0
7 32.36203335980937 2.7561666666666667 0
5 6.72486100079428 2.752333333333333 0
6 55.627005559968225 2.7331666666666665 0
6 44.701826846703725 2.7293333333333334 0
7 30.925655281969814 2.7255 0
7 14.494360603653691 2.7216666666666667 0
7 36.54058776806989 2.714 0
6 59.674980142970604 2.7101666666666664 0
7 51.60079428117553 2.7024999999999997 0
6 47.68339952343129 2.683333333333333 0
6 58.63034154090548 2.6795 0
7 54.66942017474185 2.6756666666666664 0
6 50.51262907069102 2.6679999999999997 0
5 62.613026211278786 2.6641666666666666 0
6 43.67895154884829 2.6641666666666666 0
6 46.551707704527395 2.6565 0
7 39.60921366163621 2.6565 0
6 61.677204130262105 2.645 0
6 57.542176330420965 2.6411666666666664 0
6 49.467990468625885 2.6411666666666664 0
7 30.120413026211274 2.6334999999999997 0
7 53.2112787926926 2.625833333333333 0
6 38.564575059571084 2.625833333333333 0
6 34.62541699761715 2.622 0
6 42.52549642573471 2.6181666666666663 0
6 48.27100873709293 2.614333333333333 0
6 5.963145353455122 2.6105 0
6 9.097061159650515 2.6066666666666665 0
6 1.2622716441620332 2.5951666666666666 0
6 63.35297855440825 2.5836666666666663 0
6 4.1350277998411435 2.5836666666666663 0
6 52.44956314535345 2.579833333333333 0
8 12.31803018268467 2.576 0
6 10.946942017474184 2.5606666666666666 0
6 7.138363780778395 2.5491666666666664 0
5 62.221286735504364 2.5376666666666665 0
6 3.0903891977760125 2.5376666666666665 0
6 1.9804606830818108 2.5185 0
6 47.26989674344718 2.4993333333333334 0
6 51.230818109610794 2.487833333333333 0
7 32.666719618745034 2.4801666666666664 0
5 14.385544082605241 2.4801666666666664 0
7 61.067831612390776 2.4724999999999997 0
6 55.27879269261318 2.4686666666666666 0
5 41.95965051628276 2.464833333333333 0
7 40.45798252581413 2.4571666666666667 0
6 39.26100079428117 2.453333333333333 0
5 59.50087370929308 2.4495 0
6 50.20794281175535 2.4495 0
6 57.17220015885623 2.4418333333333333 0
6 58.3474185861795 2.4379999999999997 0
6 46.13820492454328 2.4379999999999997 0
6 54.40826052422557 2.4341666666666666 0
6 41.04559173947577 2.4341666666666666 0
6 64.07116759332803 2.418833333333333 0
6 60.066719618745026 2.418833333333333 0
7 5.005559968228752 2.415 0
6 45.11532962668784 2.4111666666666665 0
7 37.889912629070686 2.4111666666666665 0
8 35.887688641779185 2.4073333333333333 0
6 31.51326449563145 2.4034999999999997 0
6 53.10246227164416 2.395833333333333 0
6 49.14154090548053 2.395833333333333 0
5 29.68514694201747 2.395833333333333 0
7 9.227640984908657 2.392 0
7 34.64718030182684 2.384333333333333 0
6 3.917394757744241 2.3689999999999998 0
7 44.04892772041302 2.3651666666666666 0
6 6.246068308181095 2.3651666666666666 0
6 52.05782366957902 2.3575 0
6 7.377760127084987 2.3575 0
6 48.162192216044474 2.349833333333333 0
6 30.35980937251787 2.349833333333333 0
5 12.49213661636219 2.349833333333333 0
6 2.8292295472597297 2.3421666666666665 0
6 62.96123907863383 2.326833333333333 0
5 58.93502779984114 2.323 0
6 54.97410643367751 2.2808333333333333 0
6 57.977442414614764 2.2769999999999997 0
6 61.93836378077839 2.2693333333333334 0
6 46.9869737887212 2.2693333333333334 0
6 37.041143764892766 2.2693333333333334 0
8 10.402859412231928 2.2693333333333334 0
6 50.9914217633042 2.2655 0
6 49.946783161239075 2.2463333333333333 0
6 60.915488482922946 2.231 0
6 53.82065131056393 2.231 0
5 13.580301826846702 2.231 0
6 45.83351866560762 2.223333333333333 0
5 43.00428911834789 2.2195 0
7 59.8926131850675 2.2079999999999997 0
7 41.89436060365369 2.2079999999999997 0
6 56.845750595710875 2.2041666666666666 0
6 52.75424940428911 2.2041666666666666 0
6 48.7715647339158 2.200333333333333 0
5 32.25321683876092 2.1965 0
7 11.621604447974581 2.1965 0
7 44.65830023828435 2.185 0
6 63.85353455123113 2.1811666666666665 0
6 51.81842732327243 2.1773333333333333 0
7 40.719142176330415 2.1773333333333333 0
6 31.53502779984114 2.1773333333333333 0
6 5.462589356632247 2.1773333333333333 0
6 55.692295472597294 2.1696666666666666 0
7 29.35869737887212 2.1696666666666666 0
6 43.700714853057974 2.162 0
6 47.68339952343129 2.1428333333333334 0
6 3.5691818903891974 2.1428333333333334 0
6 36.06179507545671 2.1351666666666667 0
7 34.05957108816521 2.1121666666666665 0
6 2.4157267672756153 2.1121666666666665 0
6 39.60921366163621 2.1045 0
6 62.72184273232724 2.0776666666666666 0
6 58.65210484511516 2.0661666666666667 0
6 46.616997617156464 2.0661666666666667 0
6 50.64320889594916 2.062333333333333 0
6 53.53772835583796 2.0508333333333333 0
7 38.67339158061954 2.0393333333333334 0
6 61.72073073868149 2.0355 0
6 57.629229547259726 2.0355 0
6 49.53328038125496 2.0355 0
7 37.30230341540905 2.0201666666666664 0
7 8.59650516282764 2.0086666666666666 0
6 60.50198570293883 2.001 0
6 45.50706910246227 2.001 0
6 52.42779984114376 1.9933333333333332 0
6 48.466878474980135 1.9933333333333332 0
6 44.418903891977756 1.978 0
7 6.4201747418586175 1.978 0
6 56.51930103256552 1.9703333333333333 0
6 40.32740270055599 1.9626666666666666 0
7 35.191262907069095 1.9549999999999998 0
6 11.991580619539315 1.9549999999999998 0
7 29.75043685464654 1.9511666666666665 0
6 5.288482922954725 1.9473333333333331 0
6 51.33963463065925 1.9358333333333333 0
7 30.947418586179502 1.9243333333333332 0
7 55.4528991262907 1.9204999999999999 0
5 2.0457505957108815 1.9166666666666665 0
6 43.28721207307386 1.9089999999999998 0
6 62.3518665607625 1.9013333333333333 0
7 33.08022239872915 1.8975 0
7 4.069737887212073 1.8975 0
6 46.247021445591734 1.8821666666666665 0
6 54.299444003177115 1.8668333333333331 0
6 58.3474185861795 1.8591666666666666 0
6 57.08514694201747 1.8553333333333333 0
6 50.3385226370135 1.8553333333333333 0
6 61.2419380460683 1.8476666666666666 0
8 9.837013502779984 1.8476666666666666 0
6 39.348054011119935 1.8361666666666665 0
6 41.06735504368546 1.8323333333333331 0
6 64.22351072279587 1.8284999999999998 0
6 53.2112787926926 1.8246666666666667 0
6 49.2068308181096 1.8208333333333333 0
6 45.15885623510722 1.8208333333333333 0
5 39.91389992057188 1.8131666666666666 0
6 56.23637807783955 1.8054999999999999 0
6 60.19729944400317 1.8016666666666665 0
7 37.06290706910246 1.8016666666666665 0
6 14.994916600476566 1.8016666666666665 0
6 13.123272438443207 1.7901666666666665 0
6 43.98363780778395 1.7863333333333333 0
6 63.04829229547259 1.7825 0
6 52.10135027799841 1.7786666666666666 0
6 48.07513899920571 1.7786666666666666 0
5 38.32517871326449 1.7748333333333333 0
6 30.272756155679108 1.7633333333333332 0
6 59.08737092930897 1.7594999999999998 0
8 7.029547259729943 1.7594999999999998 0
6 47.00873709293089 1.7403333333333333 0
7 28.966957903097693 1.7326666666666666 0
6 50.96965845909451 1.7249999999999999 0
6 62.04718030182684 1.7211666666666665 0
6 3.0033359809372513 1.7211666666666665 0
6 42.93899920571882 1.7173333333333332 0
5 4.026211278792692 1.7173333333333332 0
7 35.735345512311355 1.7134999999999998 0
4 13.972041302621125 1.7096666666666667 0
6 55.03939634630659 1.7058333333333333 0
6 11.730420969023033 1.6943333333333332 0
6 57.999205718824456 1.6828333333333332 0
6 31.295631453534547 1.6789999999999998 0
6 54.06004765687052 1.6675 0
6 41.872597299443996 1.6675 0
7 32.5143764892772 1.6675 0
6 45.877045274027 1.6483333333333332 0
6 60.915488482922946 1.6368333333333331 0
6 56.911040508339944 1.6368333333333331 0
6 49.96854646544876 1.633 0
6 10.751072279586973 1.6291666666666667 0
7 40.7626687847498 1.6176666666666666 0
6 37.84638602065131 1.6138333333333332 0
6 52.84130262112787 1.6099999999999999 0
6 1.91517077045274 1.6099999999999999 0
6 44.7671167593328 1.5908333333333333 0
6 59.80555996822874 1.587 0
7 36.801747418586174 1.587 0
7 5.854328832406671 1.587 0
6 55.80111199364574 1.5793333333333333 0
6 63.831771247021436 1.5755 0
6 48.83685464654487 1.5755 0
7 8.074185861795074 1.5678333333333332 0
6 51.75313741064336 1.5601666666666665 0
7 39.69626687847497 1.5563333333333333 0
6 47.8792692613185 1.5448333333333333 0
6 58.73915806195392 1.541 0
6 62.78713264495631 1.5256666666666665 0
6 43.635424940428905 1.5218333333333331 0
6 54.73471008737092 1.518 0
6 38.499285146942015 1.5065 0
7 34.5166004765687 1.5065 0
8 30.403335980937246 1.4949999999999999 0
6 50.64320889594916 1.4911666666666665 0
6 57.6727561556791 1.4758333333333333 0
6 53.6683081810961 1.4758333333333333 0
6 46.66052422557585 1.4758333333333333 0
6 42.67783955520254 1.472 0
8 28.988721207307382 1.4643333333333333 0
6 37.60698967434471 1.4566666666666666 0
6 61.677204130262105 1.4528333333333332 0
6 45.550595710881645 1.4413333333333334 0
7 10.141699761715646 1.4413333333333334 0
6 12.056870532168386 1.4375 0
7 41.74201747418586 1.4298333333333333 0
6 56.628117553613976 1.426 0
4 15.408419380460682 1.426 0
6 14.34201747418586 1.4221666666666666 0
6 52.471326449563136 1.4183333333333332 0
7 3.80857823669579 1.4183333333333332 0
6 60.676092136616354 1.4144999999999999 0
6 48.48864177918983 1.4144999999999999 0
6 2.502779984114376 1.4106666666666665 0
7 32.44908657664813 1.3991666666666667 0
6 44.46243050039713 1.3838333333333332 0
6 40.436219221604446 1.38 0
6 63.57061159650515 1.3723333333333332 0
6 36.60587768069896 1.3723333333333332 0
6 27.90055599682287 1.3723333333333332 0
6 55.40937251787132 1.3684999999999998 0
6 59.609690230341535 1.3608333333333333 0
6 47.42223987291501 1.3493333333333333 0
6 33.51548848292295 1.3493333333333333 0
7 35.408895949166 1.3455 0
7 5.070849880857823 1.3455 0
6 51.40492454328832 1.3416666666666666 0
6 62.373629864972195 1.3225 0
6 54.45178713264495 1.3225 0
6 7.203653693407466 1.311 0
6 58.43447180301826 1.3071666666666666 0
6 39.348054011119935 1.2994999999999999 0
6 50.3385226370135 1.2956666666666665 0
6 61.43780778395551 1.2688333333333333 0
6 15.081969817315327 1.265 0
6 53.298332009531364 1.2458333333333333 0
6 57.25925337569499 1.2381666666666666 0
6 49.250357426528986 1.2381666666666666 0
6 45.13709293089753 1.2381666666666666 0
6 28.575218427323268 1.2343333333333333 0
7 6.224305003971405 1.2343333333333333 0
6 30.62096902303415 1.2189999999999999 0
6 60.43669579030976 1.2036666666666667 0
6 31.730897537728353 1.2036666666666667 0
6 52.1231135822081 1.1998333333333333 0
5 44.24479745830023 1.196 0
6 9.184114376489276 1.196 0
6 48.05337569499602 1.1921666666666666 0
6 40.15329626687847 1.1883333333333332 0
6 10.38109610802224 1.1806666666666665 0
6 56.27990468625893 1.1768333333333332 0
6 11.665131056393962 1.1653333333333333 0
6 4.243844320889594 1.1615 0
7 2.002223987291501 1.1576666666666666 0
6 32.7320095313741 1.1538333333333333 0
6 63.26592533756949 1.15 0
4 27.63939634630659 1.1461666666666666 0
6 59.2397140587768 1.1384999999999998 0
8 55.25702938840349 1.1308333333333334 0
6 46.96521048451151 1.1308333333333334 0
7 43.026052422557584 1.1308333333333334 0
6 50.9914217633042 1.127 0
6 35.16949960285941 1.1231666666666666 0
6 62.11247021445591 1.1155 0
6 39.06513105639396 1.1001666666666665 0
6 58.064495631453525 1.0925 0
6 46.07291501191421 1.0771666666666666 0
9 26.74710087370929 1.0733333333333333 0
6 56.97633042096901 1.0695 0
6 54.016521048451146 1.0695 0
7 29.64162033359809 1.0695 0
6 61.0243050039714 1.0618333333333332 0
6 44.91945988880063 1.0465 0
6 37.84638602065131 1.0388333333333333 0
5 14.037331215250196 1.0388333333333333 0
6 52.88482922954725 1.0273333333333332 0
6 15.147259729944398 1.0234999999999999 0
6 3.2862589356632244 1.0234999999999999 0
6 5.963145353455122 1.0196666666666667 0
6 36.954090548054005 1.0158333333333334 0
5 6.986020651310563 1.0043333333333333 0
6 51.84019062748212 1.0005 0
5 28.531691818903887 1.0005 0
6 17.32359015091342 0.9928333333333332 0
6 8.792374900714853 0.9928333333333332 0
6 39.69626687847497 0.989 0
5 47.72692613185067 0.9851666666666666 0
7 30.990945194598883 0.9851666666666666 0
6 59.95790309769658 0.9774999999999999 0
6 55.8881652104845 0.9774999999999999 0
7 4.6138204924543285 0.9621666666666666 0
6 59.04384432088959 0.9506666666666667 0
6 46.7693407466243 0.9391666666666666 0
5 43.67895154884829 0.9276666666666666 0
7 62.895949166004755 0.9046666666666666 0
6 42.721366163621916 0.9046666666666666 0
6 54.778236695790305 0.9008333333333333 0
9 11.3604447974583 0.9008333333333333 0
4 1.4581413820492453 0.8893333333333333 0
7 57.781572676727556 0.8816666666666666 0
7 20.740428911834787 0.8816666666666666 0
6 53.75536139793486 0.874 0
8 34.60365369340746 0.874 0
6 41.58967434471803 0.8701666666666666 0
9 23.852581413820488 0.8663333333333333 0
6 60.697855440826046 0.8624999999999999 0
7 32.31850675138999 0.8624999999999999 0
6 45.52883240667196 0.8548333333333333 0
7 19.12994440031771 0.851 0
6 56.64988085782366 0.8471666666666666 0
6 9.815250198570293 0.8471666666666666 0
6 44.50595710881652 0.8433333333333333 0
6 52.623669579030974 0.8394999999999999 0
6 36.32295472597299 0.8394999999999999 0
6 55.38760921366163 0.828 0
7 16.08308181096108 0.828 0
6 26.181254964257345 0.8241666666666666 0
7 40.436219221604446 0.8203333333333332 0
6 33.21080222398729 0.7973333333333333 0
7 13.145035742652897 0.7973333333333333 0
6 8.531215250198569 0.7935 0
6 11.948054011119934 0.7781666666666667 0
7 51.33963463065925 0.7743333333333333 0
5 29.79396346306592 0.7705 0
6 47.35694996028594 0.7666666666666666 0
6 59.34853057982525 0.7628333333333333 0
4 14.27672756155679 0.7628333333333333 0
5 1.3928514694201746 0.736 0
6 58.28212867355043 0.7321666666666666 0
6 50.1208895949166 0.7321666666666666 0
7 7.443050039714058 0.7321666666666666 0
5 16.670691024622716 0.7283333333333333 0
5 4.396187450357426 0.7283333333333333 0
6 38.17283558379666 0.7168333333333333 0
6 24.157267672756152 0.6976666666666667 0
6 46.20349483717235 0.6938333333333333 0
6 33.99428117553614 0.6861666666666666 0
6 53.2112787926926 0.6785 0
4 59.95790309769658 0.6708333333333333 0
7 62.1342335186656 0.6669999999999999 0
6 21.87212073073868 0.6593333333333333 0
6 19.630500397140587 0.6593333333333333 0
6 23.1561556791104 0.6478333333333333 0
5 32.31850675138999 0.644 0
6 45.15885623510722 0.6401666666666667 0
6 18.455281969817314 0.6401666666666667 0
6 55.996981731532955 0.6248333333333334 0
5 31.57855440826052 0.621 0
6 52.05782366957902 0.6133333333333333 0
6 41.21969817315329 0.6133333333333333 0
7 36.01826846703732 0.6094999999999999 0
6 12.644479745830022 0.6094999999999999 0
8 9.010007942811754 0.6018333333333333 0
6 44.266560762509926 0.598 0
5 55.16997617156473 0.5941666666666666 0
5 3.2427323272438437 0.5903333333333333 0
6 40.262112787926924 0.5826666666666667 0
6 11.447498014297059 0.5711666666666666 0
8 25.87656870532168 0.5558333333333333 0
6 50.926131850675134 0.5481666666666667 0
6 34.973629864972196 0.5405 0
6 53.777124702144555 0.5328333333333333 0
6 7.138363780778395 0.529 0
6 63.09181890389197 0.506 0
8 49.59857029388403 0.506 0
6 10.272279586973788 0.506 0
6 30.35980937251787 0.4983333333333333 0
6 14.363780778395551 0.49066666666666664 0
6 24.78840349483717 0.47916666666666663 0
6 61.15488482922954 0.47533333333333333 0
6 52.73248610007942 0.45999999999999996 0
6 48.7715647339158 0.45999999999999996 0
6 44.68006354249404 0.45999999999999996 0
7 23.656711675933277 0.45999999999999996 0
7 33.68959491660047 0.4523333333333333 0
8 57.063383637807775 0.43316666666666664 0
6 39.47863383637807 0.4293333333333333 0
7 17.976489277204127 0.4255 0
7 13.47148530579825 0.42166666666666663 0
7 28.35758538522637 0.414 0
6 19.826370135027798 0.40249999999999997 0
6 47.57458300238284 0.3948333333333333 0
6 43.570135027799836 0.39099999999999996 0
6 35.53947577442414 0.38716666666666666 0
6 51.73137410643367 0.3833333333333333 0
7 8.052422557585384 0.3833333333333333 0
8 59.696743447180296 0.3795 0
6 38.25988880063542 0.368 0
5 4.874980142970611 0.36416666666666664 0
6 12.274503574265289 0.36033333333333334 0
6 46.59523431294678 0.3565 0
6 25.419539316918186 0.3565 0
5 14.799046862589355 0.345 0
5 2.459253375694996 0.345 0
5 61.72073073868149 0.33349999999999996 0
5 37.345830023828434 0.33349999999999996 0
6 11.142811755361397 0.33349999999999996 0
6 50.73026211278792 0.32966666666666666 0
6 22.7208895949166 0.31816666666666665 0
6 41.39380460683081 0.30666666666666664 0
6 7.073073868149324 0.30283333333333334 0
7 57.6727561556791 0.299 0
6 45.46354249404288 0.299 0
6 49.42446386020651 0.29133333333333333 0
5 53.27656870532168 0.2836666666666667 0
8 62.85242255758538 0.2798333333333333 0
7 64.33232724384432 0.27599999999999997 0
5 52.776012708498804 0.2683333333333333 0
6 36.23590150913423 0.26066666666666666 0
6 56.43224781572676 0.2568333333333333 0
6 48.66274821286735 0.24916666666666665 0
6 13.079745830023827 0.2415 0
5 5.919618745035742 0.2415 0
5 55.4528991262907 0.2338333333333333 0
6 44.418903891977756 0.2338333333333333 0
6 58.80444797458299 0.2185 0
5 1.6757744241461476 0.2185 0
7 21.415091342335185 0.21466666666666664 0
6 39.32629070691024 0.20316666666666666 0
6 35.104209690230334 0.20316666666666666 0
6 43.37426528991262 0.19549999999999998 0
8 20.131056393963462 0.19549999999999998 0
8 17.062430500397138 0.19549999999999998 0
5 34.14662430500397 0.184 0
8 9.075297855440825 0.16866666666666666 0
4 21.132168387609212 4.684333333333333 0
6 54.60413026211278 4.653666666666666 0
5 57.912152501985695 4.6498333333333335 0
6 62.678316123907855 4.646 0
7 24.374900714853055 4.642166666666666 0
8 11.904527402700554 4.626833333333333 0
4 3.1774424146147733 4.6114999999999995 0
6 9.271167593328038 4.596166666666666 0
6 45.702938840349475 4.5616666666666665 0
5 26.921207307386812 4.550166666666667 0
6 8.161239078633836 4.550166666666667 0
6 56.51930103256552 4.538666666666667 0
5 48.53216838760921 4.523333333333333 0
6 41.80730738681493 4.523333333333333 0
6 52.42779984114376 4.511833333333333 0
7 21.87212073073868 4.492666666666667 0
5 11.033995234312945 4.4735 0
5 36.34471803018268 4.4543333333333335 0
8 16.496584590945194 4.4351666666666665 0
6 31.53502779984114 4.4159999999999995 0
6 42.39491660047656 4.4045 0
7 34.47307386814932 4.4045 0
5 50.382049245432874 4.3853333333333335 0
6 19.674027005559967 4.3853333333333335 0
7 14.994916600476566 4.358499999999999 0
5 24.570770452740266 4.343166666666667 0
6 36.27942811755361 4.3125 0
6 28.401111993645745 4.278 0
6 6.7030976965845905 4.255 0
7 43.11310563939634 4.2435 0
5 17.04066719618745 4.1975 0
6 8.59650516282764 4.193666666666666 0
6 1.719301032565528 4.182166666666666 0
6 52.993645750595704 4.159166666666667 0
6 14.951389992057186 4.1285 0
6 45.09356632247815 4.117 0
6 23.330262112787924 4.074833333333333 0
6 13.602065131056392 4.074833333333333 0
6 6.507227958697378 4.071 0
6 47.96632247815726 4.067166666666666 0
6 30.62096902303415 4.0249999999999995 0
5 19.652263701350275 4.005833333333333 0
7 29.228117553613977 3.9636666666666667 0
6 26.485941223193006 3.9636666666666667 0
6 24.570770452740266 3.936833333333333 0
6 10.141699761715646 3.9099999999999997 0
6 62.39539316918188 3.867833333333333 0
6 21.567434471803015 3.8409999999999997 0
5 50.42557585385226 3.8295 0
6 46.44289118347895 3.798833333333333 0
6 28.314058776806988 3.798833333333333 0
6 45.4417791898332 3.7605 0
6 15.125496425734708 3.7566666666666664 0
6 37.345830023828434 3.7528333333333332 0
6 20.457505957108815 3.7221666666666664 0
6 6.898967434471802 3.7144999999999997 0
7 24.396664019062744 3.695333333333333 0
6 40.349166004765685 3.6915 0
5 15.691342335186654 3.5995 0
6 46.181731532962665 3.5956666666666663 0
6 30.055123113582205 3.5956666666666663 0
6 9.488800635424939 3.591833333333333 0
5 25.397776012708494 3.5841666666666665 0
6 52.928355837966635 3.580333333333333 0
6 63.87529785544082 3.5765 0
6 28.444638602065126 3.5611666666666664 0
6 48.9891977760127 3.542 0
6 32.949642573471 3.534333333333333 0
5 27.487053216838756 3.5266666666666664 0
6 17.99825258141382 3.5228333333333333 0
6 10.685782366957902 3.4806666666666666 0
5 50.9914217633042 3.442333333333333 0
4 27.117077045274023 3.4346666666666663 0
7 46.92168387609213 3.4269999999999996 0
5 23.526131850675135 3.4001666666666663 0
6 60.71961874503574 3.3886666666666665 0
6 41.61143764892771 3.3848333333333334 0
6 56.541064336775214 3.381 0
6 18.629388403494836 3.381 0
6 44.65830023828435 3.335 0
6 40.69737887212072 3.3273333333333333 0
6 59.544400317712466 3.315833333333333 0
6 55.627005559968225 3.312 0
4 48.249245432883235 3.304333333333333 0
5 47.53105639396346 3.2928333333333333 0
4 29.815726767275613 3.2889999999999997 0
6 43.52660841938046 3.281333333333333 0
5 27.247656870532165 3.2544999999999997 0
7 9.205877680698967 3.200833333333333 0
6 12.51389992057188 3.1969999999999996 0
5 33.55901509134233 3.1854999999999998 0
6 49.380937251787124 3.166333333333333 0
5 16.866560762509927 3.1624999999999996 0
6 31.643844320889592 3.1548333333333334 0
6 37.432883240667195 3.1471666666666667 0
6 10.076409849086575 3.1395 0
6 3.046862589356632 3.085833333333333 0
6 46.07291501191421 3.0244999999999997 0
8 28.379348689436057 3.013 0
6 41.00206513105639 2.9593333333333334 0
6 3.6779984114376485 2.9555 0
6 36.91056393963463 2.9401666666666664 0
6 15.169023034154089 2.9363333333333332 0
5 14.189674344718028 2.9171666666666667 0
6 31.60031771247021 2.913333333333333 0
6 30.033359809372513 2.852 0
5 33.34138204924543 2.8175 0
4 12.36155679110405 2.809833333333333 0
6 1.610484511517077 2.809833333333333 0
7 15.669579030976964 2.7944999999999998 0
6 48.706274821286726 2.7906666666666666 0
6 35.47418586179507 2.783 0
6 63.7011914217633 2.7714999999999996 0
6 3.482128673550436 2.7676666666666665 0
7 10.315806195393169 2.7255 0
6 7.943606036536933 2.691 0
7 40.806195393169176 2.6718333333333333 0
6 2.3286735504368545 2.6679999999999997 0
6 33.47196187450357 2.645 0
5 5.049086576648133 2.6296666666666666 0
6 60.48022239872914 2.614333333333333 0
6 45.4417791898332 2.6105 0
5 35.648292295472594 2.6028333333333333 0
6 31.70913423351866 2.5989999999999998 0
7 13.47148530579825 2.5989999999999998 0
5 37.38935663224781 2.579833333333333 0
6 56.41048451151707 2.5721666666666665 0
6 44.397140587768064 2.5453333333333332 0
5 10.011119936457504 2.5338333333333334 0
6 36.86703733121524 2.487833333333333 0
7 43.178395552025414 2.464833333333333 0
5 13.38443208895949 2.430333333333333 0
6 11.46926131850675 2.4034999999999997 0
6 56.17108816521048 2.3881666666666663 0
4 42.46020651310563 2.3383333333333334 0
6 33.45019857029388 2.3076666666666665 0
6 39.89213661636219 2.292333333333333 0
6 38.803971405877675 2.2616666666666667 0
6 8.487688641779188 2.2195 0
6 35.08244638602065 2.2041666666666666 0
5 4.526767275615567 2.185 0
5 9.358220810166799 2.1696666666666666 0
5 18.585861795075456 2.1466666666666665 0
6 30.46862589356632 2.139 0
6 7.5953931691818894 2.139 0
6 54.66942017474185 2.093 0
6 10.816362192216044 2.024 0
6 41.54614773629864 2.0086666666666666 0
4 13.188562351072278 2.0086666666666666 0
6 32.10087370929308 1.9933333333333332 0
6 63.527084988085775 1.9741666666666666 0
6 59.457347100873704 1.9626666666666666 0
5 3.1121525019857024 1.9588333333333332 0
5 36.3011914217633 1.9549999999999998 0
6 47.35694996028594 1.9358333333333333 0
5 38.020492454328824 1.9204999999999999 0
5 7.66068308181096 1.9051666666666665 0
6 42.15552025416997 1.8975 0
5 34.190150913423345 1.8744999999999998 0
5 31.970293884034945 1.8361666666666665 0
5 1.0664019062748211 1.8093333333333332 0
5 5.897855440826052 1.8016666666666665 0
7 8.59650516282764 1.771 0
6 5.179666401906275 1.7633333333333332 0
7 33.71135822081016 1.7288333333333332 0
6 38.99984114376489 1.6675 0
7 9.401747418586178 1.6444999999999999 0
4 29.64162033359809 1.6138333333333332 0
6 15.081969817315327 1.6061666666666665 0
4 35.16949960285941 1.6023333333333332 0
7 4.657347100873709 1.5716666666666665 0
6 3.264495631453534 1.5601666666666665 0
6 35.735345512311355 1.541 0
6 33.34138204924543 1.5333333333333332 0
5 31.643844320889592 1.5103333333333333 0
6 6.898967434471802 1.4988333333333332 0
6 49.57680698967434 1.4413333333333334 0
5 13.29737887212073 1.4068333333333332 0
5 1.436378077839555 1.4068333333333332 0
5 31.36092136616362 1.3838333333333332 0
5 9.423510722795868 1.3455 0
5 34.47307386814932 1.3416666666666666 0
6 8.378872120730737 1.3416666666666666 0
6 11.121048451151706 1.3378333333333332 0
6 43.352501985702936 1.3225 0
5 29.68514694201747 1.3033333333333332 0
6 46.268784749801426 1.288 0
6 12.579189833200951 1.2765 0
6 42.28610007942811 1.2688333333333333 0
6 38.25988880063542 1.2688333333333333 0
6 3.1339158061953927 1.2573333333333332 0
6 37.21525019857029 1.2189999999999999 0
6 41.37204130262112 1.2036666666666667 0
6 36.23590150913423 1.1615 0
6 8.030659253375694 1.15 0
5 5.244956314535345 1.1461666666666666 0
6 33.95075456711675 1.127 0
6 41.80730738681493 1.0886666666666667 0
6 49.96854646544876 1.0656666666666665 0
6 40.93677521842732 1.035 0
8 12.731532962668783 1.0311666666666666 0
5 10.032883240667195 1.0273333333333332 0
5 2.3069102462271642 0.9736666666666666 0
6 35.648292295472594 0.9621666666666666 0
6 50.64320889594916 0.9468333333333333 0
6 7.834789515488482 0.9315 0
6 61.78602065131056 0.9199999999999999 0
4 30.142176330420966 0.9199999999999999 0
4 14.516123907863381 0.9123333333333333 0
6 38.69515488482922 0.9008333333333333 0
6 37.498173153296264 0.851 0
6 6.7030976965845905 0.851 0
5 22.633836378077838 0.8241666666666666 0
6 3.2862589356632244 0.8049999999999999 0
5 25.093089753772833 0.8011666666666666 0
6 28.66227164416203 0.7935 0
6 5.527879269261318 0.7858333333333333 0
7 30.990945194598883 0.7819999999999999 0
6 17.758856235107224 0.7781666666666667 0
6 39.28276409849086 0.759 0
6 35.25655281969817 0.7474999999999999 0
7 15.25607625099285 0.7283333333333333 0
7 63.33121525019856 0.7244999999999999 0
8 48.64098490865766 0.7244999999999999 0
6 54.32120730738681 0.7206666666666667 0
6 61.08959491660047 0.7015 0
6 10.59872915011914 0.7015 0
6 42.329626687847494 0.6785 0
6 37.08467037331215 0.6708333333333333 0
6 6.202541699761715 0.6708333333333333 0
6 57.19396346306592 0.6669999999999999 0
5 27.965845909451943 0.6593333333333333 0
5 13.602065131056392 0.6248333333333334 0
4 33.21080222398729 0.6133333333333333 0
5 17.38888006354249 0.5903333333333333 0
5 8.095949166004765 0.575 0
6 46.85639396346306 0.5635 0
8 29.184590945194596 0.5596666666666666 0
6 20.588085782366957 0.5558333333333333 0
6 38.803971405877675 0.5519999999999999 0
6 37.498173153296264 0.5213333333333333 0
6 58.151548848292286 0.5098333333333334 0
4 62.09070691024622 0.506 0
6 45.942335186656074 0.506 0
5 22.481493248610004 0.506 0
6 27.051787132644954 0.4983333333333333 0
7 15.713105639396344 0.4868333333333333 0
5 18.977601270849878 0.483 0
7 31.27386814932486 0.4715 0
5 16.844797458300235 0.4676666666666666 0
6 36.62764098490865 0.4523333333333333 0
6 6.115488482922954 0.4408333333333333 0
6 55.844638602065125 0.414 0
4 1.436378077839555 0.4101666666666666 0
5 9.423510722795868 0.3795 0
5 63.61413820492454 0.368 0
5 20.936298649721998 0.368 0
5 34.53836378077839 0.3565 0
6 42.481969817315324 0.34883333333333333 0
6 26.616521048451148 0.345 0
6 29.532803812549638 0.3411666666666667 0
6 3.6127084988085776 0.3411666666666667 0
7 54.45178713264495 0.3258333333333333 0
5 9.945830023828433 0.30283333333333334 0
6 60.65432883240666 0.299 0
6 18.91231135822081 0.29133333333333333 0
6 40.349166004765685 0.27216666666666667 0
6 23.656711675933277 0.23766666666666666 0
7 31.186814932486097 0.22999999999999998 0
9 15.647815726767274 0.2185 0
7 14.059094519459887 0.2185 0
6 51.62255758538522 0.20316666666666666 0
5 25.332486100079425 0.19549999999999998 0
8 47.465766481334384 0.18783333333333332 0
5 2.5463065925337567 0.18016666666666667 0
4 57.17220015885623 0.15716666666666665 0
7 27.59586973788721 0.15716666666666665 0
5 41.93788721207307 4.680499999999999 0
5 33.95075456711675 4.672833333333333 0
5 41.13264495631453 4.661333333333333 0
6 16.757744241461474 4.6306666666666665 0
6 61.590150913423344 4.615333333333333 0
5 15.582525814138203 4.4965 0
7 23.96139793486894 4.4735 0
6 12.688006354249403 4.469666666666666 0
6 35.408895949166 4.446666666666666 0
5 20.827482128673548 4.412166666666667 0
6 22.67736298649722 4.408333333333333 0
5 18.694678316123905 4.400666666666666 0
5 30.033359809372513 4.358499999999999 0
5 14.124384432088958 4.224333333333333 0
5 26.333598093725175 4.1745 0
5 48.9891977760127 4.113166666666666 0
6 28.292295472597296 4.0441666666666665 0
6 15.495472597299441 3.9636666666666667 0
7 26.7253375694996 3.772 0
6 22.612073073868146 3.764333333333333 0
6 22.437966640190623 3.545833333333333 0
6 20.566322478157264 3.511333333333333 0
5 13.44972200158856 3.4844999999999997 0
5 15.647815726767274 3.4154999999999998 0
6 11.46926131850675 3.3695 0
5 31.42621127879269 3.312 0
6 10.38109610802224 3.3081666666666667 0
5 14.820810166799046 3.2928333333333333 0
6 30.729785544082603 3.0015 0
6 16.38776806989674 2.9976666666666665 0
5 36.040031771247016 2.9018333333333333 0
6 8.748848292295472 2.821333333333333 0
4 40.7626687847498 2.8175 0
6 41.61143764892771 2.6181666666666663 0
4 15.103733121525018 2.5875 0
6 30.773312152501983 2.522333333333333 0
5 33.84193804606831 2.484 0
6 8.204765687053216 2.484 0
4 10.57696584590945 2.415 0
4 28.814614773629863 2.3306666666666667 0
6 1.7628276409849084 2.2961666666666667 0
6 37.889912629070686 2.1811666666666665 0
5 6.594281175536139 2.165833333333333 0
5 33.123749007148525 2.1275 0
5 14.233200953137409 2.0738333333333334 0
6 42.61254964257346 2.0585 0
6 1.3493248610007942 2.0316666666666667 0
5 11.077521842732326 1.8438333333333332 0
5 34.886576648133435 1.7786666666666666 0
7 16.409531374106432 1.6828333333333332 0
5 13.863224781572676 1.5601666666666665 0
5 11.208101667990467 1.4988333333333332 0
5 8.988244638602064 1.4911666666666665 0
5 6.028435266084193 1.4183333333333332 0
5 15.996028594122317 1.2496666666666667 0
6 13.732644956314534 1.2266666666666666 0
5 16.104845115170768 1.0848333333333333 0
5 48.858617950754564 1.0503333333333333 0
5 32.057347100873706 1.0234999999999999 0
6 63.96235107227958 1.0196666666666667 0
6 25.245432883240664 0.9928333333333332 0
6 33.25432883240667 0.9851666666666666 0
5 49.64209690230341 0.8816666666666666 0
4 21.632724384432088 0.828 0
6 43.37426528991262 0.7436666666666666 0
4 26.964733915806192 0.713 0
6 30.446862589356627 0.6516666666666666 0
4 25.07132644956314 0.6401666666666667 0
5 47.92279586973788 0.598 0
5 5.157903097696584 0.5941666666666666 0
6 59.065607625099275 0.5826666666666667 0
6 43.13486894360603 0.5711666666666666 0
5 2.176330420969023 0.5558333333333333 0
6 41.91612390786338 0.4983333333333333 0
6 40.7626687847498 0.44466666666666665 0
5 58.71739475774424 0.38716666666666666 0
4 21.8285941223193 0.3833333333333333 0
8 32.38379666401906 0.36033333333333334 0
4 27.59586973788721 0.32966666666666666 0
5 30.46862589356632 0.3258333333333333 0
6 24.461953931691816 0.31816666666666665 0
6 26.224781572676726 0.19166666666666665 0
5 18.06354249404289 0.184 0
6 61.96012708498808 0.18016666666666667 0
6 50.251469420174736 0.16866666666666666 0
5 32.035583796664014 0.16483333333333333 0
5 37.019380460683074 0.15333333333333332 0
5 6.768387609213661 0.14566666666666667 0
